0.530736 0.136587 -0.974573 0 0 0
-0.27171 -0.125128 2.20989 0 0 0
-0.367107 0.838885 0.150672 -0.365793 0.836997 0.171717
-0.179338 -0.215808 -0.16355 -0.365793 0.836997 0.171717
0.932345 -0.201569 0.0106666 0.930961 -0.196193 0.010101
-0.185541 -0.0200442 0.215319 -0.182193 -0.0226237 0.191919
-0.276001 0.000616102 -0.482622 -0.274327 0.00145725 -0.494949
0.300304 -0.683219 2.80921 0.295186 -0.657732 1
-0.0739261 -0.147861 0.596267 -0.0761431 -0.144862 0.59596
0.25698 0.0575017 0.344824 0.256575 0.0547694 0.373737
-0.0906356 -0.555085 4.56135 0.256575 0.0547694 0.373737
0.329591 0.515726 2.17698 0.256575 0.0547694 0.373737
-0.0196586 -0.0162906 0.586157 -0.0173997 -0.0147246 0.737374
0.297235 -0.141526 0.213263 0.301584 -0.146456 0.232323
-0.417829 0.727347 0.0689057 -0.418978 0.722761 0.0707071
-0.013118 -0.563663 0.381848 -0.418978 0.722761 0.0707071
-0.241772 -0.612101 3.98758 -0.418978 0.722761 0.0707071
-0.0484591 -0.307432 0.994538 -0.0521352 -0.304378 1
0.109208 0.214288 0.943755 0.108218 0.21491 0.939394
-0.476316 0.607879 0.566173 -0.475027 0.608018 0.555556
0.302079 0.196701 0.246883 0.299077 0.193824 0.252525
-0.113784 0.0975393 4.6198 0.299077 0.193824 0.252525
0.0494465 0.251334 4.63297 0.299077 0.193824 0.252525
-0.704193 -0.0566254 0.775246 -0.702384 -0.0561859 0.79798
-0.586131 0.373282 0.16188 -0.583711 0.372946 0.131313
-0.197728 0.126654 2.22495 -0.583711 0.372946 0.131313
0.076916 0.138963 -0.0587438 0.0739904 0.141274 -0.0707071
0.103637 0.329967 -0.2962 0.101309 0.332673 -0.171717
-0.0198321 0.269363 0.632511 -0.0184587 0.270232 0.636364
-0.215385 0.0558682 -0.629963 -0.154941 0.0559976 -0.636364
0.192158 -0.0645483 0.802625 0.195 -0.063 0.79798
0.220181 -0.0684748 3.97237 0.195 -0.063 0.79798
-0.250721 0.016284 0.790696 -0.248977 0.0172792 0.757576
0.568682 -0.268323 -0.132764 -0.248977 0.0172792 0.757576
0.244947 -0.0292805 0.582164 0.251385 -0.0276175 0.656566
-0.210146 -0.178268 -0.368665 -0.208799 -0.176868 -0.333333
-0.255285 -0.296966 3.97052 -0.208799 -0.176868 -0.333333
-0.0680704 0.0823694 -0.106429 -0.0706912 0.0851822 -0.131313
-0.036505 -0.434628 5.97081 -0.0706912 0.0851822 -0.131313
0.827429 0.53861 -0.0531159 0.82566 0.536601 -0.0707071
-0.310511 0.0815803 4.61136 -0.291446 0.0907311 1
-0.150388 -0.588071 0.619222 -0.149498 -0.586203 0.616162
-0.0639429 0.261709 0.20026 -0.0661435 0.261 0.212121
-0.137186 0.406096 -0.566826 -0.139831 0.405209 0.151515
-0.431025 -0.207371 0.404401 -0.429001 -0.204131 0.474747
0.0768629 0.260974 0.111434 0.0766107 0.256824 0.131313
-0.091414 -0.262249 -0.175203 -0.0924941 -0.262423 -0.111111
0.203465 0.217422 6.63904 -0.0924941 -0.262423 -0.111111
0.427172 -0.337177 0.792719 0.42626 -0.338145 0.737374
0.00382943 0.200236 -0.295708 0.0023727 0.199694 -0.252525
-0.00981063 0.337457 -0.823656 -0.00984469 0.336607 -0.79798
0.35713 -0.723584 0.179504 0.358195 -0.715395 0.171717
-0.0848891 0.0229385 0.218023 -0.083117 0.0215328 0.232323
-0.510276 -0.0689752 -0.0134784 -0.509339 -0.0721282 -0.010101
0.387444 -0.0966554 0.548307 0.39359 -0.0963559 0.59596
-0.240728 0.0327031 4.01801 0.39359 -0.0963559 0.59596
0.340846 0.568847 0.258355 0.340746 0.567 0.353535
-0.609726 -0.845663 0.792767 -0.608283 -0.846874 0.79798
-0.178561 -0.0546179 -0.439997 -0.179509 -0.0530101 -0.434343
0.155421 0.144393 -0.460486 0.153737 0.144208 -0.414141
-0.561163 -0.256936 2.19013 0.153737 0.144208 -0.414141
1.22552 -0.400139 0.819287 1.22788 -0.399062 0.838384
0.16287 0.742536 -0.416587 0.160132 0.745101 -0.434343
0.302341 -0.0433606 -0.498712 0.304375 -0.0445478 -0.575758
-0.355667 -0.259578 4.03484 0.304375 -0.0445478 -0.575758
-0.116063 0.124337 0.0509199 -0.117376 0.123 0.0505051
-0.0175383 -0.205617 0.936252 -0.0182078 -0.203912 0.919192
0.538766 -0.105701 0.0726104 0.537051 -0.107038 0.111111
0.277681 -0.246663 -0.0177252 0.275605 -0.24683 -0.030303
-0.215655 -0.325178 -0.453363 -0.213541 -0.324142 -0.454545
0.154695 -0.0636094 -0.694388 0.153658 -0.0617462 -0.717172
0.0640413 0.0641829 -0.70345 0.0662123 0.065285 -0.69697
-0.472534 -0.386887 -0.228537 0.0662123 0.065285 -0.69697
-0.171122 -0.126907 -0.349279 -0.173728 -0.126351 -0.333333
-1.10832 0.149462 -0.315944 -1.11342 0.151941 -0.151515
-0.319417 0.048709 0.459204 -0.319598 0.0505896 0.474747
-0.0400376 0.0120147 0.237788 -0.0424311 0.00968709 1
0.158438 -0.281893 -0.697273 0.156479 -0.284469 -0.69697
0.409808 -0.128315 6.58762 0.156479 -0.284469 -0.69697
0.0711617 0.338983 0.436212 0.0701354 0.338897 0.434343
-0.368166 0.0432387 -0.649174 -0.365236 0.0443284 -0.69697
-0.562782 -0.322895 -0.560051 -0.565009 -0.325068 -0.575758
-0.500373 0.111514 0.895564 -0.49477 0.113655 0.939394
0.0864887 0.284991 4.00018 -0.49477 0.113655 0.939394
0.246424 -0.239744 2.21228 0.229703 -0.243 -1
0.345786 -0.287143 24.0082 0.229703 -0.243 -1
0.283667 0.144522 0.0913616 0.283753 0.141509 0.111111
-0.181613 0.376741 0.671045 -0.182975 0.377882 0.676768
-0.047101 0.0671164 -0.832543 -0.0455444 0.0683829 -0.89899
0.493458 -0.637098 -0.0103623 0.494479 -0.635296 -0.030303
-0.263453 0.398161 -1.77717 -0.267235 0.405983 -0.333333
0.0980609 0.216619 -0.997237 -0.267235 0.405983 -0.333333
-0.499288 -0.267588 -9.82441 -0.267235 0.405983 -0.333333
-0.465228 0.19615 -0.756871 -0.467454 0.199126 -0.757576
-0.12266 -0.411298 6.00833 -0.467454 0.199126 -0.757576
-0.817533 -0.312032 0.975315 -0.819761 -0.309446 0.979798
0.18638 -0.484147 0.826711 0.189375 -0.485881 0.818182
0.307614 0.172258 0.550718 0.189375 -0.485881 0.818182
-0.295199 -0.240905 6.59077 0.189375 -0.485881 0.818182
0.0186941 0.350455 -0.546852 0.0178081 0.350279 -0.0505051
0.123138 -0.396732 0.0466123 0.122024 -0.39822 0.0505051
0.400943 -0.2532 36.0376 0.122024 -0.39822 0.0505051
0.686849 -0.308328 -0.211186 0.685206 -0.307559 -0.232323
0.305572 0.266006 2.79968 0.311595 0.255031 1
-0.411873 -0.207839 -0.340773 -0.410701 -0.207787 -0.333333
0.475476 -0.432023 -0.121236 0.478015 -0.434065 -0.131313
0.54195 0.505988 0.899107 0.540905 0.504267 0.89899
-0.386505 0.132347 0.372539 -0.388892 0.135128 0.333333
-0.378588 0.619589 4.56535 -0.388892 0.135128 0.333333
0.0430446 0.108245 5.97452 -0.388892 0.135128 0.333333
-0.207222 -0.209337 0.317749 -0.388892 0.135128 0.333333
0.112408 -0.162584 0.813818 -0.388892 0.135128 0.333333
-0.42843 0.0694284 -0.872762 -0.429861 0.0733455 -0.858586
-0.0139835 -0.281798 0.15672 -0.0146503 -0.283456 0.171717
-0.373491 -0.453036 0.0199182 -0.376878 -0.455981 0.0505051
-0.104787 -0.320534 0.0413168 -0.107062 -0.323867 0.030303
-0.516915 -0.162599 -0.783863 -0.524436 -0.164007 -0.656566
0.0618833 0.277306 0.670978 0.0614111 0.278927 0.69697
-0.723022 -0.097279 0.354287 -0.726567 -0.095236 1
0.632762 -0.590795 -0.644823 0.633033 -0.590681 -0.656566
-0.0648121 0.480644 -0.850904 -0.0639612 0.479812 -0.858586
-0.622563 -0.407086 4.56156 -0.0639612 0.479812 -0.858586
0.194677 -0.171852 6.03798 -0.0639612 0.479812 -0.858586
-0.326455 0.0338459 0.0577724 -0.32642 0.0348335 0.0909091
-0.0210197 -0.484927 2.81565 -0.32642 0.0348335 0.0909091
-0.0423568 -0.0577948 -0.388093 -0.04329 -0.0578124 -0.393939
0.123089 0.469409 4.02715 -0.04329 -0.0578124 -0.393939
-0.00132084 -0.386952 -0.0366613 0.00137123 -0.384806 -0.010101
-0.463503 -0.542333 -0.487204 0.00137123 -0.384806 -0.010101
0.201003 -0.143632 -0.995416 0.202106 -0.141852 -1
-0.0321183 -0.14163 0.451438 0.202106 -0.141852 -1
-0.48771 -0.071482 2.78863 -0.470089 -0.0522353 1
-0.202241 0.302096 0.342273 -0.20024 0.303696 0.353535
-0.119874 0.283153 -0.00583941 -0.123 0.284031 -0.010101
-0.392657 -0.292335 2.19693 -0.123 0.284031 -0.010101
-0.240204 -0.0371879 -0.0707772 -0.242266 -0.0359133 -0.0707071
-0.316863 -0.297408 -0.404143 -0.316695 -0.296088 -0.393939
-0.409147 0.114089 0.991875 -0.40873 0.114167 1
0.0408834 0.375927 0.463078 0.0375509 0.375892 1
0.107473 -0.152965 0.801449 0.106045 -0.159323 0.777778
-0.805667 0.344398 0.227687 0.106045 -0.159323 0.777778
0.226365 -0.261302 -0.416931 0.223439 -0.260209 -0.434343
0.471979 0.511089 2.20337 0.223439 -0.260209 -0.434343
0.00387692 0.699022 -0.392623 0.00137856 0.69831 -0.373737
0.0627764 0.38564 0.172337 0.0614577 0.382556 0.434343
0.0148648 0.284506 -0.191569 0.013407 0.283175 -0.212121
-0.556578 0.0124804 0.653213 0.013407 0.283175 -0.212121
-0.485185 -0.58573 0.921431 -0.48654 -0.584107 0.919192
-0.665628 0.687751 3.98428 -0.48654 -0.584107 0.919192
-0.0590743 -0.455189 -0.393356 -0.0606267 -0.452306 -0.414141
-0.167462 0.0757013 4.5684 -0.0606267 -0.452306 -0.414141
-0.0244905 -0.42805 -0.415523 -0.0606267 -0.452306 -0.414141
-0.40472 0.131391 0.652399 -0.405 0.128381 0.656566
-0.18153 0.328468 -0.0816717 -0.187765 0.330446 1
0.149988 -0.153451 -0.438892 0.149124 -0.152317 -0.434343
-0.359951 -0.126641 0.664574 -0.359747 -0.127461 0.636364
0.00364463 -0.232813 0.857489 0.00406963 -0.232313 0.838384
0.22731 -0.764644 -0.647585 0.227837 -0.781608 1
-0.447844 0.380366 -1.78536 0.227837 -0.781608 1
0.416599 0.362009 0.461678 0.227837 -0.781608 1
0.644536 0.377567 -0.146902 0.647551 0.377446 0.010101
-0.317707 0.238551 0.702173 -0.314877 0.240161 0.717172
0.484587 0.226655 -0.0304083 0.484471 0.220667 0.030303
0.111011 0.132692 -0.0190934 0.109581 0.134047 -0.0505051
0.174438 -0.0731697 -0.613264 0.171885 -0.0722541 -0.616162
0.0879178 -0.288757 0.0869839 0.171885 -0.0722541 -0.616162
0.0381449 -0.426434 4.57987 0.171885 -0.0722541 -0.616162
-0.101239 0.481052 5.99092 0.171885 -0.0722541 -0.616162
0.0355248 -0.383587 6.56261 0.171885 -0.0722541 -0.616162
0.0439166 0.483454 0.44582 0.0461912 0.481726 0.434343
0.164785 -0.837102 -0.803048 0.164442 -0.841456 0.131313
-0.252168 -0.060776 0.199263 -0.250939 -0.0629299 0.212121
1.09606 0.731079 2.81433 -0.250939 -0.0629299 0.212121
0.136638 0.538456 0.392157 0.139985 0.536475 -0.131313
-0.0114651 0.190481 0.501148 0.139985 0.536475 -0.131313
0.219592 -0.213637 0.394821 0.21811 -0.215651 0.373737
0.0761089 0.44179 4.57904 0.21811 -0.215651 0.373737
0.508027 -0.247169 2.1655 0.503924 -0.243384 1
0.130194 0.362678 -0.076481 0.129349 0.364387 -0.0909091
0.0731391 0.241597 6.62369 0.129349 0.364387 -0.0909091
0.376606 -0.265224 0.423651 0.129349 0.364387 -0.0909091
1.2362 -0.202427 25.2243 0.129349 0.364387 -0.0909091
0.129714 -0.193882 -0.479282 0.12882 -0.195357 -0.494949
-0.168697 0.500811 0.662125 -0.171997 0.498913 0.656566
0.500787 0.396021 0.739313 -0.171997 0.498913 0.656566
-0.669001 -0.0860828 0.660918 -0.667568 -0.0825707 0.676768
0.0676443 0.285289 4.0169 -0.667568 -0.0825707 0.676768
-0.230036 0.153685 -0.526181 -0.667568 -0.0825707 0.676768
-0.299288 -0.217688 -0.0902832 -0.30185 -0.217628 -0.0909091
0.170025 -0.0953208 -0.494035 0.169903 -0.0962128 -0.414141
0.0847855 0.366064 -0.695484 0.0865559 0.367184 -0.575758
0.308602 -0.0311909 -0.178471 0.0865559 0.367184 -0.575758
-0.210091 -0.857534 0.357639 -0.210119 -0.845512 0.393939
-0.124692 0.173118 -0.273022 -0.124029 0.176273 -0.232323
0.00768981 0.0194554 0.0212596 0.00846675 0.0289425 -0.030303
0.12654 -0.258975 0.923219 0.00846675 0.0289425 -0.030303
0.0366715 0.111444 4.56874 0.00846675 0.0289425 -0.030303
-0.0981921 0.461204 -0.127709 -0.0877099 0.458544 -0.111111
-0.0182604 -0.0403232 0.695397 -0.0198399 -0.0390706 0.69697
0.296596 -0.222165 -0.923315 0.295645 -0.223007 -0.919192
0.0903046 -0.495587 -0.928016 0.0913797 -0.495 -0.919192
0.0196786 0.19422 -0.0762201 0.0176614 0.194957 0.030303
0.456449 -0.329852 6.61823 0.0176614 0.194957 0.030303
-1.11306 -0.232315 -0.615309 -1.1147 -0.232746 -0.59596
-0.0969178 0.191164 2.22475 -1.1147 -0.232746 -0.59596
-0.51423 -0.0920892 0.541387 -0.51276 -0.093012 0.575758
0.347479 0.581644 -0.661262 0.361946 0.610824 1
0.721838 0.223849 0.709841 0.72076 0.22297 0.69697
-0.160483 -0.632591 0.526654 -0.163888 -0.635169 0.535354
0.00043989 0.166162 2.21745 -0.00681009 0.172471 1
-0.288851 0.808674 0.209372 -0.287912 0.80612 0.252525
0.549643 0.0295736 0.431893 0.548315 0.0290409 0.434343
0.027376 -0.0563342 2.80802 0.548315 0.0290409 0.434343
-0.179852 -0.21571 5.97933 0.548315 0.0290409 0.434343
0.0432761 0.962697 -0.681646 0.0338158 0.973676 0.373737
0.154892 -0.00952444 0.32162 0.152143 -0.0118262 0.313131
0.289965 -0.067574 2.76964 0.282974 -0.069 1
0.245643 0.170811 1.68096 0.282974 -0.069 1
-0.0954734 0.119546 0.496705 -0.0924407 0.117 1
-0.315688 0.193581 0.175694 -0.313531 0.189758 0.232323
0.0490432 0.344931 25.2217 -0.313531 0.189758 0.232323
-0.194728 0.159533 0.706572 -0.313531 0.189758 0.232323
-0.0308122 -0.209006 -0.406676 -0.0313146 -0.20861 -0.414141
0.0648293 -0.384018 6.01107 -0.0313146 -0.20861 -0.414141
0.0800904 0.215681 0.924842 -0.0313146 -0.20861 -0.414141
-0.494441 -0.120061 6.03363 -0.0313146 -0.20861 -0.414141
0.121488 -0.457436 -0.195849 -0.0313146 -0.20861 -0.414141
-0.0896418 -0.558672 -0.282202 -0.0872328 -0.561534 -0.272727
-0.158905 0.256289 -0.473975 -0.159558 0.256211 -0.414141
0.158336 -0.27897 0.395736 -0.159558 0.256211 -0.414141
0.0560457 0.00893296 0.33188 0.056085 0.00690717 0.353535
0.790337 0.182449 -0.280772 0.056085 0.00690717 0.353535
0.238526 0.188094 -0.651107 0.237252 0.194393 -0.656566
0.586992 -0.171086 -0.0894874 0.585396 -0.169568 -0.030303
-0.432214 -0.243132 4.5695 0.585396 -0.169568 -0.030303
0.142909 0.387416 0.354035 0.142438 0.384769 0.353535
-0.108188 0.413663 -0.41393 -0.109637 0.412164 -0.434343
-0.51925 -0.115647 0.489428 -0.519064 -0.115826 0.494949
-0.162806 -0.220118 0.578411 -0.165502 -0.217129 0.676768
0.19189 0.211023 0.224072 0.179239 0.208197 0.232323
0.122939 -0.341954 0.569594 0.179239 0.208197 0.232323
-0.267554 -0.0731663 -0.753154 -0.268507 -0.0699458 -0.737374
-0.189171 0.0695392 2.80794 -0.173364 0.0763247 0.474747
-0.0101907 0.164654 36.5663 -0.173364 0.0763247 0.474747
0.135108 -0.0405315 0.0165039 0.132989 -0.0376075 -0.010101
0.0866271 0.219412 0.419615 0.0887658 0.218352 0.393939
-0.0607829 0.204075 4.01262 0.0887658 0.218352 0.393939
0.407781 0.134023 0.222436 0.410579 0.132492 0.171717
0.0967201 0.150668 0.990564 0.0952656 0.152745 1
0.0651281 -0.524805 0.588806 0.0672966 -0.525342 0.616162
0.835965 -0.545571 2.19618 0.0672966 -0.525342 0.616162
-0.121316 -0.381697 -0.195177 -0.123945 -0.380765 -0.212121
-0.0272726 0.630051 0.720565 -0.123945 -0.380765 -0.212121
-0.309331 0.0395663 0.440015 -0.309773 0.037631 0.454545
0.0979586 -0.24525 0.863302 0.0960222 -0.243872 0.818182
-0.127497 -0.0654635 -0.201769 -0.126357 -0.0682973 -0.171717
0.169328 -0.122772 6.56141 -0.126357 -0.0682973 -0.171717
-0.407243 -0.749968 35.9642 -0.126357 -0.0682973 -0.171717
0.646797 0.0649967 0.148653 0.643658 0.0646353 0.111111
-0.329791 0.333623 4.63435 0.643658 0.0646353 0.111111
0.451489 0.16814 -31.385 0.643658 0.0646353 0.111111
-0.293604 -0.519673 0.359465 -0.293638 -0.515388 0.272727
0.391881 -0.158069 -0.917894 0.391989 -0.160302 -0.89899
-0.169385 0.72045 0.328479 -0.172136 0.727744 1
-0.610929 -0.355793 2.23128 -0.172136 0.727744 1
-0.0302656 -0.380375 -0.0538161 -0.033 -0.381477 -0.0707071
-0.20866 0.348954 0.311336 -0.204023 0.350579 0.272727
-0.126519 0.614536 -0.616021 -0.204023 0.350579 0.272727
0.297094 0.101426 0.663497 0.300398 0.102936 1
-0.158762 0.516904 -0.331552 -0.1583 0.511918 -0.292929
-0.139708 -0.287107 -0.468801 -0.142117 -0.289634 -0.494949
0.0863765 -0.0660068 2.19779 -0.142117 -0.289634 -0.494949
0.20439 -0.0340157 0.976953 0.205551 -0.032123 0.939394
0.0996563 0.173205 0.37501 0.101939 0.172494 0.373737
-0.0773165 -0.0801435 -0.778073 -0.0747988 -0.0826032 -0.818182
-0.206091 0.0182587 -0.827626 -0.0747988 -0.0826032 -0.818182
-0.104417 -0.226032 0.805837 -0.101202 -0.226778 0.79798
-0.0686728 -0.0970765 -0.987413 -0.101202 -0.226778 0.79798
-0.303757 -0.184308 -0.693794 -0.304327 -0.188649 -0.717172
-0.00340113 0.568628 0.775184 -0.00145 0.568925 0.757576
0.188822 -0.467754 0.330753 0.187031 -0.464442 0.353535
0.259128 -0.269424 2.1976 0.187031 -0.464442 0.353535
0.00440808 -0.262629 -0.585645 0.00178199 -0.264769 -0.555556
-0.0808642 0.0142662 0.999633 -0.0784814 0.0178201 1
-0.0209981 0.046671 0.887469 -0.0784814 0.0178201 1
0.220366 -0.365941 -0.855929 0.222327 -0.366187 -0.757576
0.0642865 -0.382739 4.62547 0.0428868 -0.360367 1
-0.287446 0.0645891 4.59375 0.0428868 -0.360367 1
-0.644221 0.139811 2.83492 0.0428868 -0.360367 1
0.0202202 -0.330453 0.00469647 0.0213291 -0.333826 0.151515
-0.272339 0.0826342 -0.839259 -0.272091 0.0805506 -0.878788
-0.128839 0.386742 -0.730835 -0.128339 0.389047 -0.717172
-0.642246 -0.0820031 0.966067 -0.64078 -0.0792821 0.979798
-0.478301 -0.0413691 0.348343 -0.64078 -0.0792821 0.979798
0.357462 0.0456688 0.875415 0.358683 0.0451356 0.878788
-0.227087 0.00717567 -0.0932013 -0.224075 0.00994955 -0.131313
0.292843 0.323925 0.552479 -0.224075 0.00994955 -0.131313
0.104013 0.0462248 0.192902 -0.224075 0.00994955 -0.131313
0.239792 0.528337 -0.288944 -0.224075 0.00994955 -0.131313
0.20148 -0.284693 0.725003 0.204583 -0.280694 0.737374
-0.169423 -0.0759442 4.01581 0.204583 -0.280694 0.737374
0.011594 0.38494 -0.313643 0.204583 -0.280694 0.737374
-0.33647 0.025787 0.0745556 -0.33358 0.0277066 0.010101
0.110608 -0.122591 6.00794 -0.33358 0.0277066 0.010101
-0.323275 -0.206386 2.79791 -0.33358 0.0277066 0.010101
0.35872 0.387428 0.189115 0.360687 0.388397 0.212121
0.403757 0.0635079 0.760683 0.406493 0.0641804 0.656566
-0.128601 0.123068 -0.849955 -0.128216 0.124567 -0.838384
0.204438 -0.264673 -0.257749 0.204177 -0.266905 -0.252525
-0.300178 -0.108313 0.98003 0.204177 -0.266905 -0.252525
0.323109 0.028028 0.414547 0.323876 0.0254896 0.373737
0.170656 0.00365894 2.18927 0.323876 0.0254896 0.373737
0.678451 -0.308108 0.77437 0.679401 -0.306976 0.717172
-0.265865 0.229119 5.96838 0.679401 -0.306976 0.717172
-0.421639 0.309922 0.205885 -0.422696 0.307052 0.131313
-0.271982 -0.135672 0.0439621 -0.271285 -0.13974 0.0505051
0.584754 -0.125362 0.189216 0.587257 -0.12747 0.191919
-0.839075 -0.269296 6.59757 0.587257 -0.12747 0.191919
-0.307351 0.207057 5.98363 0.587257 -0.12747 0.191919
-0.141442 0.012806 -0.810102 -0.139439 0.0119779 -0.818182
0.104705 0.600047 0.622623 0.103992 0.599435 0.676768
0.0430154 0.509913 2.81415 0.103992 0.599435 0.676768
-0.1956 -0.00722762 0.512712 -0.197993 -0.00964609 0.535354
0.292356 0.704126 -0.630262 0.305166 0.718525 0.89899
-0.195325 0.179741 2.81014 0.305166 0.718525 0.89899
-0.175154 -0.286006 -0.931575 0.305166 0.718525 0.89899
-0.22161 0.230467 -0.489443 -0.224373 0.233532 -0.414141
-0.0982322 -0.181667 0.29169 -0.0990446 -0.184381 0.292929
-0.124065 -0.12639 0.137972 -0.0990446 -0.184381 0.292929
0.0152825 -0.188969 2.76472 0.0144406 -0.189 0.959596
0.173143 0.236605 -0.738655 0.171408 0.2347 -0.777778
-0.0507842 -0.180968 2.83304 0.171408 0.2347 -0.777778
0.589099 0.126488 0.125413 0.591399 0.127823 0.111111
0.358345 -0.235824 0.367975 0.35878 -0.236037 -0.131313
-0.302204 -0.0447244 0.430811 -0.303431 -0.044428 0.414141
-0.547679 -0.758267 -0.232003 -0.303431 -0.044428 0.414141
-0.197081 0.456055 0.274931 -0.196395 0.455198 0.333333
-0.405885 -0.221385 -0.533779 -0.406027 -0.222893 -0.575758
-0.30694 0.34368 2.17275 -0.406027 -0.222893 -0.575758
0.0603546 -0.316245 3.99054 -0.406027 -0.222893 -0.575758
-0.115571 0.117866 2.19688 -0.406027 -0.222893 -0.575758
0.066793 -0.305847 -0.564417 0.0660071 -0.306743 -0.979798
-0.243663 0.26574 -0.694348 0.0660071 -0.306743 -0.979798
0.211345 0.204711 -0.0158852 0.211236 0.207003 0.373737
-0.0844902 -0.384721 0.171753 -0.0817749 -0.383082 0.171717
-0.148646 -0.268268 -0.847719 -0.151005 -0.264431 -0.858586
0.127603 -0.215643 2.22975 0.130452 -0.198664 1
0.456273 -0.533123 0.802199 0.130452 -0.198664 1
-0.361719 -0.269108 4.01892 0.130452 -0.198664 1
-0.851724 0.265503 3.96947 0.130452 -0.198664 1
0.582297 -0.199891 23.9802 0.130452 -0.198664 1
0.112754 0.26349 0.243766 0.114101 0.261115 0.393939
0.24204 -0.454783 3.97973 0.114101 0.261115 0.393939
-0.0112298 -0.618662 -0.563916 -0.00966505 -0.619134 -0.535354
0.0275416 -0.109509 6.62312 -0.00966505 -0.619134 -0.535354
0.100771 0.18868 -0.350537 0.102393 0.185157 -0.191919
0.0707287 -0.240599 0.854851 0.0712103 -0.241846 0.878788
0.0369346 -0.182446 0.675438 0.0405185 -0.182088 0.69697
-0.218338 -0.47383 -0.00153242 -0.219 -0.471475 -0.0707071
0.58527 0.18628 4.00958 -0.219 -0.471475 -0.0707071
0.28642 0.119122 -0.192412 0.275757 0.110878 -1
-1.23612 0.271855 37.2261 0.275757 0.110878 -1
-0.33749 -0.527073 0.0143107 -0.339181 -0.527104 0.030303
0.193548 0.271271 -0.242315 -0.339181 -0.527104 0.030303
-0.0399478 -0.209669 0.376872 -0.0389762 -0.205807 0.393939
-0.186166 -0.406997 3.9711 -0.0389762 -0.205807 0.393939
-0.113324 -0.0294038 4.58779 -0.0389762 -0.205807 0.393939
0.0666955 0.321248 0.688896 0.0652722 0.326419 1
-0.659921 -0.392199 -0.948088 -0.662271 -0.392171 -0.89899
0.157532 -0.314905 0.587898 -0.662271 -0.392171 -0.89899
0.0291661 -0.176457 -0.10977 0.030294 -0.174442 -0.131313
0.225026 0.263643 0.223758 0.227007 0.265989 0.232323
0.13812 0.499137 0.311813 0.143433 0.501 0.292929
0.22652 -0.240837 -0.444855 0.143433 0.501 0.292929
-0.223602 0.0568774 -0.52958 0.143433 0.501 0.292929
0.248437 -0.0527708 0.405137 0.248917 -0.0543766 0.373737
-0.764946 0.27951 -0.775658 -0.770225 0.292588 0.717172
0.415117 0.628981 0.897097 -0.770225 0.292588 0.717172
-0.203231 -0.114402 0.515456 -0.202382 -0.111578 0.474747
-0.438698 0.226653 -0.383228 -0.202382 -0.111578 0.474747
0.72968 -0.147736 36.6187 -0.202382 -0.111578 0.474747
-0.36438 0.642546 -0.866864 -0.36211 0.640502 -1
0.229572 0.807738 0.692229 0.228861 0.807484 0.838384
0.687868 -0.155225 2.16704 0.228861 0.807484 0.838384
0.133472 0.0436378 0.608494 0.132227 0.0415021 0.59596
-0.355652 -0.154197 0.0206722 -0.356694 -0.154343 -0.030303
-0.21374 0.46282 5.99828 -0.356694 -0.154343 -0.030303
-0.0619506 0.487626 -0.636194 -0.0607296 0.487851 -0.555556
0.0768412 0.50013 0.5457 0.075 0.501577 0.555556
0.292098 0.712479 -0.904256 0.075 0.501577 0.555556
0.200218 0.728741 6.01934 0.075 0.501577 0.555556
-0.0615923 0.0165139 0.267894 0.075 0.501577 0.555556
-0.16211 -0.377649 -0.739812 -0.159423 -0.380712 -0.757576
0.345585 -0.0240838 -0.45841 0.348402 -0.0130358 1
0.407745 0.0701226 -0.313231 0.411579 0.0676215 1
0.0695296 -0.101213 0.706718 0.411579 0.0676215 1
-0.360947 0.147928 0.808103 -0.358728 0.148337 0.838384
0.0129202 -0.554792 -0.435615 -0.358728 0.148337 0.838384
0.0414292 0.559201 -0.658744 0.0429038 0.561368 -0.575758
0.0145917 -0.360126 -0.577704 0.0126558 -0.361583 -0.515152
-0.292957 -0.822495 -0.234072 0.0126558 -0.361583 -0.515152
0.776107 -0.0625476 -0.482073 0.0126558 -0.361583 -0.515152
0.117413 -0.148447 -1.82562 0.0126558 -0.361583 -0.515152
-0.501521 0.0509386 0.801871 -0.499452 0.0511419 0.818182
-0.554042 0.102872 -0.0335608 -0.556877 0.105235 -0.030303
0.341793 -0.114078 -0.244804 0.344373 -0.116659 -0.252525
0.0278701 0.0525167 -0.149124 0.0277051 0.0524323 -0.0505051
-0.636546 -0.461587 0.0707398 -0.635609 -0.460524 0.0707071
0.278231 0.393674 -0.827435 0.277621 0.393391 -0.818182
-0.237756 -0.46694 4.56144 0.277621 0.393391 -0.818182
0.216157 0.328 0.747964 0.277621 0.393391 -0.818182
0.51268 -0.519009 0.579732 0.277621 0.393391 -0.818182
0.459795 -0.198702 0.127747 0.460525 -0.196174 -0.131313
0.853557 0.330657 6.03804 0.460525 -0.196174 -0.131313
-0.204164 0.422437 3.97611 0.460525 -0.196174 -0.131313
-0.234014 -0.216534 -0.726792 -0.231973 -0.213946 -0.818182
0.493517 0.559143 -0.913609 0.496115 0.560991 -0.838384
-0.0382897 -0.226577 0.893727 -0.0406427 -0.225022 0.89899
-0.106119 -0.20802 -0.421979 -0.104157 -0.205396 -0.414141
0.269251 0.00960015 0.0549937 0.267015 0.01209 0.0909091
-0.305755 0.0566602 0.841966 -0.303 0.054313 0.878788
-0.309518 0.32665 0.386534 -0.309406 0.323083 0.434343
0.301095 -0.750885 0.89753 0.299945 -0.750133 0.919192
0.216544 0.0252972 2.21743 0.299945 -0.750133 0.919192
0.112225 -0.181334 24.6033 0.299945 -0.750133 0.919192
-0.156217 0.836748 2.8227 0.299945 -0.750133 0.919192
-0.33799 -0.217141 -0.777164 -0.338176 -0.214601 0.232323
0.161391 -0.302748 -0.463234 0.159552 -0.30333 -0.454545
-0.189171 -0.237302 2.78893 0.159552 -0.30333 -0.454545
-0.136422 -0.219554 2.81713 0.159552 -0.30333 -0.454545
-0.376856 0.154706 0.313339 -0.376038 0.134222 0.414141
-0.251032 -0.386478 0.183424 -0.248601 -0.386734 0.171717
0.0217495 0.797823 6.62546 -0.248601 -0.386734 0.171717
-0.104208 -0.151164 -0.51268 -0.105261 -0.153 -0.515152
0.256142 0.0256774 -0.734854 -0.105261 -0.153 -0.515152
0.294604 -0.936937 -0.832262 -0.105261 -0.153 -0.515152
-0.0276178 0.0617809 -0.138341 -0.0251267 0.0602475 -0.111111
0.213402 0.488562 0.400957 0.21827 0.485351 1
0.0985933 0.0541436 -0.406391 0.0987191 0.057 -0.414141
0.0501672 -0.159789 -0.835655 0.0439794 -0.162099 -0.838384
0.138512 0.166096 0.978119 0.139317 0.167959 1
-0.897799 -0.0345799 0.149838 0.139317 0.167959 1
0.4186 0.0215405 0.670471 0.421543 0.0238589 0.676768
0.084618 0.13719 0.315476 0.421543 0.0238589 0.676768
0.596428 -0.0526178 2.83313 0.421543 0.0238589 0.676768
0.168659 -0.18782 -0.236758 0.167746 -0.191629 0.919192
0.142237 -0.412219 0.173292 0.143698 -0.412489 0.0909091
-0.400111 -0.388154 -1.77248 0.143698 -0.412489 0.0909091
0.0635425 -0.154558 0.126838 0.0614341 -0.151817 0.131313
0.304772 -0.19467 0.281967 0.304563 -0.196084 0.272727
0.0639683 0.403479 0.694087 0.0634977 0.406663 0.656566
0.482123 -0.409142 0.237524 0.481775 -0.410844 0.616162
0.755061 0.647434 0.864322 0.751969 0.648454 0.89899
-0.286663 -0.610092 6.03005 0.751969 0.648454 0.89899
-0.252696 0.220083 0.855537 0.751969 0.648454 0.89899
-0.145172 -0.150074 2.78088 0.751969 0.648454 0.89899
0.214028 0.0712181 -0.668373 0.212961 0.069 -0.656566
0.154389 0.0668277 -0.0470512 0.151361 0.0694411 -0.151515
0.303511 -0.471866 0.682142 0.302755 -0.471683 0.717172
0.169717 -0.525046 -0.0835426 0.171735 -0.521723 -0.0909091
-0.684698 -0.856443 0.718527 -0.687442 -0.85804 0.757576
-0.00550246 0.0884617 2.21266 -0.687442 -0.85804 0.757576
0.372386 0.0762656 -0.614722 0.37332 0.0786159 -0.616162
-0.335606 -0.26658 0.296109 -0.334873 -0.264799 0.313131
0.286836 -0.0444755 -0.239968 0.28698 -0.0470016 -0.171717
-0.0489863 0.111529 0.980573 -0.050374 0.109631 0.979798
-0.667293 0.178448 -0.232854 -0.050374 0.109631 0.979798
-0.226439 -0.0793943 3.9904 -0.050374 0.109631 0.979798
0.318235 -0.510789 0.75274 0.317074 -0.500472 0.757576
0.169538 -0.398875 -0.344798 0.168675 -0.399 -0.353535
0.149243 0.148575 -0.651374 0.146778 0.151051 -0.636364
-0.212165 0.180272 6.0206 0.146778 0.151051 -0.636364
0.0729777 0.0393073 2.80431 0.146778 0.151051 -0.636364
0.389913 0.131946 -0.331088 0.391703 0.133878 -0.333333
0.569082 0.20238 0.909706 0.570725 0.201013 1
0.152151 0.0042579 2.78065 0.570725 0.201013 1
-0.071732 -0.672416 0.143195 -0.0746673 -0.669397 -0.131313
0.327286 -0.00299035 3.98019 -0.0746673 -0.669397 -0.131313
-0.154555 -0.0506485 -0.580848 -0.153872 -0.0507506 -0.575758
-0.178338 0.210134 -0.759342 -0.174085 0.222592 1
0.0523758 0.0159124 0.643791 0.0514467 0.0158815 0.636364
-0.0336657 0.42451 0.00708591 -0.033 0.423941 -0.010101
-0.0266279 -0.288033 -0.253485 -0.033 0.423941 -0.010101
0.355098 0.183234 -0.784868 0.354209 0.188145 -0.717172
0.0760116 0.124662 -0.621958 0.0727869 0.126747 -0.353535
-0.106184 -0.041344 0.406543 -0.102898 -0.0407483 0.333333
-0.0395052 -0.679614 -0.826036 -0.0338906 -0.681201 1
-0.205058 -0.581069 2.7813 -0.0338906 -0.681201 1
-0.102205 -0.0716883 0.688246 -0.105 -0.075 0.69697
-0.0622319 0.379532 0.119981 -0.0641639 0.376639 0.111111
-0.14704 0.579283 2.17359 -0.0641639 0.376639 0.111111
-0.109158 -0.0701169 -0.486174 -0.109681 -0.0692262 -0.515152
0.299498 -0.215959 0.216904 0.302308 -0.21406 0.212121
0.313126 0.35834 -0.0118062 0.314274 0.357 -0.010101
0.203354 0.676168 4.01454 0.314274 0.357 -0.010101
-0.385225 0.00563622 6.00383 0.314274 0.357 -0.010101
-0.118398 -0.297068 0.369293 0.314274 0.357 -0.010101
0.194347 -0.316816 2.78261 0.314274 0.357 -0.010101
0.427986 -0.376238 -0.497118 0.429248 -0.374612 -0.494949
-0.254275 0.277318 0.382092 0.429248 -0.374612 -0.494949
0.4282 -0.0753279 0.249516 0.428201 -0.0733992 0.232323
0.823185 0.101212 0.464184 0.821454 0.0989455 0.474747
0.110262 0.290277 0.219894 0.111808 0.287415 0.191919
0.24901 -0.159824 -0.399787 0.248799 -0.158151 -0.414141
0.185426 -0.337253 0.709899 0.184431 -0.33888 0.818182
-0.149182 -0.0597974 -0.344507 -0.150405 -0.0582603 -0.272727
-0.400478 -0.64131 0.944946 -0.398352 -0.63951 1
0.0527506 -0.131342 0.587505 0.0530854 -0.134498 0.616162
0.462766 0.278498 -0.412622 0.46249 0.280741 -0.252525
0.800633 0.11474 0.79169 0.801221 0.11637 0.757576
0.301885 -0.639289 -0.740647 0.3037 -0.63756 -0.79798
-0.238492 0.871981 37.1735 0.3037 -0.63756 -0.79798
0.244151 -0.521276 0.624712 0.3037 -0.63756 -0.79798
-0.181615 -0.115589 4.6006 0.3037 -0.63756 -0.79798
0.603582 0.456758 0.213146 0.605578 0.458338 0.191919
0.170912 -0.471882 0.256949 0.16857 -0.474055 0.252525
-0.0397565 -0.929472 0.798258 -0.0412986 -0.930855 0.79798
0.33454 0.436373 0.998688 0.331537 0.439496 0.979798
-0.123589 0.375405 0.857495 -0.12186 0.37832 0.878788
-0.306179 0.262123 4.00803 -0.12186 0.37832 0.878788
-0.683596 -0.0361483 -0.546424 -0.684278 -0.0348644 -0.535354
0.276622 0.30951 4.00363 -0.684278 -0.0348644 -0.535354
0.0173622 0.0472566 -0.690563 -0.684278 -0.0348644 -0.535354
-0.00925364 0.219524 -0.957664 -0.00950752 0.218407 -0.959596
-0.201618 0.392698 -0.235048 -0.201458 0.388449 -0.191919
0.227021 -0.194428 -0.616014 -0.201458 0.388449 -0.191919
0.433777 -0.242798 -0.95589 -0.201458 0.388449 -0.191919
-0.090169 0.341885 -0.37622 -0.0974051 0.343726 -0.313131
0.0069165 -0.349182 0.810778 0.00181676 -0.351 0.818182
-0.65682 -0.0390936 6.58376 0.00181676 -0.351 0.818182
-0.208576 0.248619 0.839961 -0.205804 0.247631 0.878788
0.0982624 -0.443762 0.739782 0.0967725 -0.445882 0.737374
0.0395567 -1.00098 6.56288 0.0967725 -0.445882 0.737374
0.293285 0.355555 0.696197 0.294649 0.358547 0.737374
0.320417 -0.202049 -0.307283 0.294649 0.358547 0.737374
0.0565515 -0.22193 -0.572415 0.0572101 -0.223521 -0.575758
-0.412735 0.222924 4.5946 0.0572101 -0.223521 -0.575758
-0.201501 0.231825 0.211324 0.0572101 -0.223521 -0.575758
-0.339526 0.118884 -0.854773 -0.337291 0.118895 1
-0.0643012 -0.0896155 0.405223 -0.0670735 -0.0890279 0.414141
0.112074 0.0186119 37.1819 -0.0670735 -0.0890279 0.414141
-0.322985 -0.121683 -0.885547 -0.324808 -0.122425 -0.89899
-0.267844 -0.38169 4.89138 -0.324808 -0.122425 -0.89899
-0.37295 -0.235423 -0.77758 -0.370193 -0.234131 -0.818182
-0.0729091 0.03078 -0.954981 -0.370193 -0.234131 -0.818182
0.347764 -0.209778 0.563849 0.353919 -0.21223 1
0.261504 0.322513 0.968834 0.261306 0.323551 0.959596
0.104033 0.281744 0.299296 0.107798 0.282256 0.313131
-0.537457 -0.531721 0.520291 -0.535384 -0.532238 0.575758
0.444712 0.136339 0.222144 0.445352 0.13353 0.232323
-0.0633624 -0.150798 -0.577555 -0.0632561 -0.153426 -0.535354
0.361838 -0.0180809 0.855871 0.361775 -0.0175871 0.858586
0.180614 -0.189819 5.98678 0.361775 -0.0175871 0.858586
-0.214713 0.326443 0.827843 -0.21621 0.32635 0.818182
-0.331309 0.45086 -0.358309 -0.21621 0.32635 0.818182
-0.204869 0.737667 0.666658 -0.21621 0.32635 0.818182
0.0471911 0.333162 4.58887 -0.21621 0.32635 0.818182
0.378542 -0.602646 -0.534584 0.377565 -0.601165 -0.393939
-0.0753868 -0.0987906 0.446963 -0.0730445 -0.0992647 0.414141
0.138188 0.0977992 4.5671 -0.0730445 -0.0992647 0.414141
0.850811 0.389624 2.79678 0.169869 0.389071 1
0.328242 0.0321609 -0.402265 0.328729 0.0293634 -0.434343
-0.447009 0.267413 -0.909002 -0.449009 0.268719 -0.89899
0.240339 -0.0650484 0.751382 0.238479 -0.0650023 0.757576
0.321718 0.56504 -0.0793011 0.319511 0.563039 -0.0909091
-0.187711 -0.132109 -0.854315 -0.189106 -0.130875 -0.858586
-0.353652 0.231516 -0.612779 -0.351909 0.232757 -0.676768
-0.148191 -0.400751 6.01946 -0.351909 0.232757 -0.676768
0.0843446 -0.0712938 0.588424 0.0843693 -0.0707545 0.59596
0.0346332 -0.0285438 -0.0490414 0.0376629 -0.0270302 -0.030303
0.298845 -0.465884 3.72445e-05 0.297894 -0.465775 -0.010101
-0.0499982 0.0750265 -0.31793 -0.0513414 0.0781412 0.454545
0.185941 0.199366 -0.431533 -0.0513414 0.0781412 0.454545
-0.531983 -0.390201 0.84809 -0.529393 -0.387013 0.717172
0.256743 -0.561302 -0.195269 -0.529393 -0.387013 0.717172
-0.201807 0.151806 4.00061 -0.529393 -0.387013 0.717172
-0.682381 0.0371763 0.804148 -0.680986 0.0383597 0.737374
0.102147 -0.0670622 2.81535 -0.680986 0.0383597 0.737374
0.194702 -0.118505 0.754306 0.195904 -0.117846 -0.313131
0.323218 -0.242946 2.16102 0.195904 -0.117846 -0.313131
0.146542 -0.355901 0.86261 0.150916 -0.358822 0.59596
0.199305 -0.208048 2.79036 0.150916 -0.358822 0.59596
-0.0951955 0.0317157 -0.677532 -0.0954226 0.0340356 -0.69697
0.00611513 -0.230229 -0.424507 0.00877744 -0.227815 -0.434343
-0.0414898 0.491618 2.82943 0.00877744 -0.227815 -0.434343
-0.396587 -0.110343 -0.568291 0.00877744 -0.227815 -0.434343
0.0512891 -0.21456 0.93352 0.053113 -0.211735 0.939394
0.0679121 -0.300465 -0.929968 0.053113 -0.211735 0.939394
-0.712718 -0.118641 0.195185 -0.713563 -0.118134 0.191919
-0.513265 -0.367433 0.923802 -0.713563 -0.118134 0.191919
-0.235099 0.281385 6.03035 -0.713563 -0.118134 0.191919
-0.316001 -0.214124 2.19977 -0.713563 -0.118134 0.191919
0.334179 0.368472 2.16045 0.33099 0.368798 1
-0.232374 -0.0714029 0.30888 -0.234005 -0.0722504 0.313131
-0.015894 0.183693 0.87727 -0.0166879 0.181075 0.858586
0.175261 -0.154517 0.693425 0.172522 -0.153965 0.69697
-0.457341 0.017561 -0.059163 -0.458378 0.0184565 -0.0909091
-0.429695 0.0757787 0.0749689 -0.424642 0.0744999 0.0707071
-0.261173 -0.198522 4.58516 -0.424642 0.0744999 0.0707071
-0.16213 0.149862 4.56236 -0.424642 0.0744999 0.0707071
0.675165 0.319926 4.03771 -0.424642 0.0744999 0.0707071
0.0602488 -0.407129 4.56759 -0.424642 0.0744999 0.0707071
-0.0174574 -0.764755 -0.699748 -0.0189674 -0.765001 -0.717172
-0.420886 0.830976 5.96725 -0.0189674 -0.765001 -0.717172
-0.317992 0.10508 -0.765844 -0.31654 0.106076 -0.737374
0.48072 -0.0989736 6.01116 -0.31654 0.106076 -0.737374
0.0852879 -0.345288 0.381698 0.0868346 -0.346106 0.414141
-0.345896 -0.147684 -0.272685 0.0868346 -0.346106 0.414141
0.194724 0.191574 4.03552 0.0868346 -0.346106 0.414141
-0.249536 0.123168 0.326844 -0.248582 0.120312 0.252525
-0.371321 -0.199256 -0.131106 -0.369192 -0.200414 -0.0505051
-0.0254507 0.0114795 0.831991 -0.369192 -0.200414 -0.0505051
-0.0721387 -0.225989 -0.0106711 -0.0698912 -0.221136 1
0.0484509 -0.708338 0.346834 0.050293 -0.70839 0.575758
-0.0653644 -0.447472 0.732032 -0.066543 -0.447278 0.69697
-0.247332 0.56804 -0.0777559 -0.066543 -0.447278 0.69697
-0.581198 -0.00348952 2.7841 -0.561077 -0.0132022 1
-0.0141503 0.0847519 0.647223 -0.0154759 0.0863829 0.636364
0.60914 0.155553 4.03571 -0.0154759 0.0863829 0.636364
0.133983 0.451879 -0.819158 0.135228 0.449096 -0.676768
0.172724 -0.519014 0.621326 0.175352 -0.522035 0.575758
-0.300346 -0.602763 -0.0537877 -0.302573 -0.602239 -0.0505051
0.36756 0.259309 0.782632 0.370613 0.25673 0.777778
-0.146107 -0.502528 4.62531 0.370613 0.25673 0.777778
0.614439 -0.712422 -0.53407 0.616241 -0.712098 -0.454545
-0.179534 -0.0942302 0.0590704 -0.179154 -0.0923461 0.0505051
-0.0575778 0.165369 -0.0281217 -0.0562231 0.163191 -0.616162
-0.226937 -0.128984 0.388841 -0.228392 -0.128576 0.353535
0.0410488 -0.483505 0.564086 0.0409188 -0.485427 0.555556
0.0135139 -0.0581756 -0.101391 0.0153432 -0.0595258 -0.0909091
-0.0900806 0.226664 0.976446 -0.185617 0.223536 0.777778
-0.2313 0.0876247 0.000647618 -0.228887 0.0881181 0.010101
0.796423 0.675858 -0.94807 0.795871 0.676861 -0.979798
0.08594 -0.775456 -0.337251 0.795871 0.676861 -0.979798
-0.400004 -0.818244 0.415081 -0.402756 -0.819568 0.414141
-0.224941 -0.0599358 0.724643 -0.229078 -0.0580857 0.777778
-0.34987 0.341377 2.2314 -0.229078 -0.0580857 0.777778
0.75975 -0.745243 0.332712 0.761137 -0.748249 0.313131
0.576292 1.01608 2.82413 0.761137 -0.748249 0.313131
-0.100486 0.614682 35.9888 0.761137 -0.748249 0.313131
-0.0667033 0.169567 -0.82064 -0.069 0.166593 -0.818182
-0.235312 -0.18048 2.78341 -0.069 0.166593 -0.818182
0.146131 0.243363 0.65999 0.14389 0.245009 0.636364
-0.471627 -0.297052 0.0121242 -0.473303 -0.298192 -0.252525
-0.0299779 -0.986945 2.79126 -0.033 -0.968813 1
-0.76439 -0.328467 4.0098 -0.033 -0.968813 1
-0.512483 -0.535062 -0.520238 -0.509601 -0.533517 -0.515152
0.38593 0.129149 0.08806 0.388149 0.129501 0.0909091
0.618911 -0.35499 0.592599 0.624081 -0.357349 1
-0.174755 -0.175889 0.618496 -0.171567 -0.175134 1
0.00662995 -0.30404 0.802313 0.00510677 -0.302158 0.79798
0.473658 -0.170736 -0.495306 0.475668 -0.167089 0.373737
-0.157405 0.21577 0.754237 -0.156919 0.214511 0.757576
0.17264 -0.412413 3.97559 -0.156919 0.214511 0.757576
-0.0685447 0.0746334 0.942197 -0.0702917 0.0736972 0.919192
0.305575 0.0183685 5.9926 -0.0702917 0.0736972 0.919192
-0.199865 -0.736844 24.5917 -0.0702917 0.0736972 0.919192
0.467268 0.311533 0.760027 0.466899 0.311758 0.79798
0.413256 0.0259801 5.98825 0.466899 0.311758 0.79798
-0.570918 0.0653322 0.419496 -0.568849 0.0640839 0.434343
0.130489 0.344877 4.63151 -0.568849 0.0640839 0.434343
-0.310727 0.018326 0.862622 -0.307742 0.017595 0.858586
0.228112 -0.344279 -0.408846 0.225843 -0.343343 -0.414141
0.0247562 -0.0444441 -0.0467 0.0276837 -0.043095 -0.0505051
0.133959 0.36778 0.138043 0.136599 0.369144 0.171717
0.272262 0.059761 5.99051 0.136599 0.369144 0.171717
0.180003 -0.878868 2.80766 0.136599 0.369144 0.171717
-0.125063 0.201373 -0.157827 -0.122225 0.20067 -0.171717
0.685599 0.296691 -0.923854 0.681619 0.299665 -0.939394
0.00489669 -0.148917 0.340109 0.00742981 -0.146584 0.353535
-0.303991 -0.529077 0.502901 -0.303939 -0.526758 0.474747
-0.222063 0.199853 -0.0237 -0.218814 0.199061 -0.010101
0.0730342 0.229664 0.0989664 0.0716252 0.228745 0.010101
0.344141 0.526848 0.764323 0.345 0.525477 0.777778
-0.0669328 -0.0518615 0.789377 -0.069 -0.051 0.79798
-0.0794024 -0.0622239 -0.0476992 -0.0791555 -0.0617599 -0.0505051
0.0943863 0.449107 0.396088 0.0949135 0.452134 0.414141
-0.444925 -0.0584308 0.0773861 -0.448383 -0.0552419 0.151515
-0.0586448 -0.491311 -0.394754 -0.0557386 -0.4937 -0.313131
-0.0983876 0.263059 -0.51512 -0.0979419 0.265455 -0.494949
0.142138 0.347808 -0.617854 -0.0979419 0.265455 -0.494949
0.312471 0.14456 -0.205567 0.312105 0.146399 -0.212121
-0.318605 0.367731 -0.500283 0.312105 0.146399 -0.212121
0.187705 -0.29245 0.497061 0.184763 -0.293228 1
-0.143743 0.343283 -0.645877 -0.145801 0.341079 0.171717
-0.47505 -0.817519 0.619083 -0.145801 0.341079 0.171717
-0.358735 -0.57455 0.443059 -0.359327 -0.575255 0.454545
-0.844154 -0.447521 2.813 -0.825409 -0.42442 1
-0.431438 -0.0986368 0.631251 -0.825409 -0.42442 1
0.376119 -0.176171 4.63909 -0.825409 -0.42442 1
-0.394701 0.272664 0.937761 -0.393646 0.275708 0.939394
0.293056 -0.180848 -0.331152 0.290485 -0.182114 -0.333333
-0.330156 -0.417872 0.0324915 0.290485 -0.182114 -0.333333
0.407686 -0.572778 -0.247121 0.290485 -0.182114 -0.333333
0.0687542 0.367531 5.99597 0.290485 -0.182114 -0.333333
-0.34766 0.212821 4.02587 0.290485 -0.182114 -0.333333
0.00731639 -0.0210058 0.863699 0.00722618 -0.0230132 0.858586
-0.434393 0.0953525 0.585706 -0.431742 0.094895 0.59596
0.532051 -0.613962 0.885668 0.533745 -0.616252 0.878788
0.365944 -0.121303 4.00963 0.357808 -0.121736 1
0.18179 0.49333 0.877397 0.183102 0.494617 0.959596
-0.549524 -0.0469837 0.72458 -0.548695 -0.0496213 1
-0.487306 -0.106067 0.971793 -0.488353 -0.10926 1
-0.0278467 -0.0535937 -0.791131 -0.488353 -0.10926 1
-0.221931 -0.00470571 0.0567252 -0.22168 -0.00299635 0.0707071
-0.0552467 -0.511577 0.985237 -0.22168 -0.00299635 0.0707071
-0.0519897 0.14027 0.749446 -0.051 0.141 0.757576
0.161342 0.299953 -0.445236 0.16441 0.298805 -0.313131
0.131131 0.088792 -0.207518 0.127649 0.0890135 -0.757576
-0.20485 0.26603 0.355842 -0.206015 0.261993 0.373737
-0.340998 0.0274343 0.222073 -0.344306 0.0287127 0.191919
0.14229 -0.411836 -0.942669 0.140812 -0.411157 -0.89899
0.069683 -0.197523 0.294292 0.075 -0.201696 1
-0.51653 0.142808 -0.235666 -0.513938 0.144157 -0.151515
-0.134582 -0.134285 0.130005 -0.131872 -0.135405 0.131313
0.123184 0.321218 0.0745737 0.121863 0.320946 0.0707071
-0.0577527 -0.534197 0.998508 0.121863 0.320946 0.0707071
-0.0303714 0.125324 0.785594 -0.0278992 0.124978 0.818182
0.816905 0.376552 -0.879062 0.814001 0.375516 -0.939394
-0.2632 0.0155493 2.23957 0.814001 0.375516 -0.939394
-0.138553 0.10259 3.9708 0.814001 0.375516 -0.939394
-0.0226461 -0.105205 0.180213 -0.0248288 -0.106684 0.191919
-0.137049 -0.458793 0.649812 -0.136769 -0.461296 0.676768
-0.274245 0.146942 0.536737 -0.275798 0.144564 0.515152
-0.330866 -0.00332869 4.01898 -0.321162 0.0215618 1
-0.437539 -0.454364 0.982185 -0.438356 -0.454455 0.959596
0.268119 -0.401717 0.528633 0.266029 -0.401429 0.59596
-0.194398 -0.230717 -0.851427 -0.191519 -0.23229 -0.79798
-0.522471 -0.309899 -0.607729 -0.521551 -0.308078 -0.59596
-0.440613 -0.28248 0.726495 -0.440703 -0.288749 1
-0.177171 0.139426 0.217822 -0.440703 -0.288749 1
0.526328 -0.2478 0.832212 0.52575 -0.247671 0.878788
0.0260229 0.556466 0.852169 0.0269287 0.556857 0.858586
0.376248 -0.167125 0.330805 0.0269287 0.556857 0.858586
0.0930836 0.416425 0.552614 0.0269287 0.556857 0.858586
0.219451 -0.0174077 0.683293 0.21837 -0.0163774 1
0.579054 0.32406 0.472589 0.57666 0.322165 0.474747
0.257303 0.286663 4.58817 0.57666 0.322165 0.474747
0.138275 0.0763939 0.871344 0.57666 0.322165 0.474747
-0.454037 0.345354 -0.568074 -0.453742 0.347992 -0.555556
0.59831 0.0316151 0.112586 0.599992 0.0259082 0.0505051
0.523689 0.743328 0.16463 0.523854 0.744746 0.131313
-0.0437743 0.0559655 2.83099 -0.0405575 0.0556221 1
-0.0536069 -0.318024 -0.597646 -0.0514958 -0.316145 -0.575758
-0.417524 -0.178947 -0.50946 -0.419344 -0.177 -0.515152
-0.367953 -0.52315 0.0639608 -0.368624 -0.524708 0.0505051
-0.326081 0.0461511 0.630683 -0.330019 0.047172 0.959596
0.558254 -0.329839 -0.291009 0.558818 -0.326438 -0.454545
-0.195126 -0.373506 0.651773 -0.193973 -0.374053 0.656566
0.257417 -0.0563155 0.849814 0.256078 -0.0576605 0.858586
-0.327091 0.181247 -0.584755 0.256078 -0.0576605 0.858586
-0.33254 -0.55884 5.98786 0.256078 -0.0576605 0.858586
0.268963 -0.198535 2.77579 0.256078 -0.0576605 0.858586
-0.257316 0.429835 0.976493 -0.255 0.43176 1
-0.494696 -0.418101 0.643622 -0.255 0.43176 1
0.168497 -0.507095 -0.541541 0.171038 -0.506811 -0.535354
-0.105705 -0.145727 -0.392015 0.171038 -0.506811 -0.535354
0.314832 0.153194 -0.333606 0.317712 0.154811 -0.333333
0.329119 -0.749571 0.383188 0.328297 -0.75062 0.333333
-0.231544 0.0401321 0.676186 -0.234465 0.0408704 0.676768
-0.141663 0.178726 -0.0130727 -0.142283 0.182142 -0.010101
-0.1532 -0.195467 25.2306 -0.142283 0.182142 -0.010101
0.0196995 -0.330064 4.00796 0.0267568 -0.330446 1
0.485787 -0.809225 -0.89248 0.484886 -0.812144 -0.69697
0.463676 -0.167145 3.97439 0.484886 -0.812144 -0.69697
0.207095 -0.0231883 0.147918 0.210092 -0.0250581 0.171717
0.223987 0.245711 2.21792 0.210092 -0.0250581 0.171717
0.149771 0.0084579 0.391383 0.149894 0.00933661 0.393939
-0.210452 -0.366321 0.632422 -0.212872 -0.368809 0.656566
0.422076 -0.373636 -0.239578 0.423075 -0.374557 -0.232323
0.0540395 0.0868403 0.222021 0.0559011 0.0854984 0.191919
0.140311 0.393698 -0.705182 0.142793 0.391277 -0.69697
-0.111744 0.00300958 -0.402155 -0.11185 0.00177482 -0.393939
0.40341 0.0482832 2.23357 -0.11185 0.00177482 -0.393939
-0.122367 -0.401397 0.263148 -0.123173 -0.399424 0.232323
0.111518 0.148099 2.77177 -0.123173 -0.399424 0.232323
-0.345281 -0.426887 -0.768525 -0.123173 -0.399424 0.232323
-0.285951 0.0168737 -0.737581 -0.286223 0.0158378 -0.777778
0.0670821 -0.055752 0.176304 0.0651007 -0.0548899 0.171717
0.412555 -0.29397 -0.496859 0.414897 -0.295817 -0.515152
-0.0668682 0.37551 2.17846 0.414897 -0.295817 -0.515152
-0.209069 -0.656393 -0.0927787 -0.208737 -0.657273 -0.575758
-0.147584 0.107176 0.102915 -0.14682 0.105158 0.111111
0.0158798 -0.448222 4.00677 -0.14682 0.105158 0.111111
0.676763 0.054876 0.735621 0.675375 0.0541856 0.737374
-0.0628844 0.501049 0.0721504 -0.0607483 0.500464 0.0505051
0.645431 -0.478419 0.296072 -0.0607483 0.500464 0.0505051
-0.0378089 0.118652 0.408831 -0.0607483 0.500464 0.0505051
0.313556 -0.448554 0.834265 0.314533 -0.447495 0.858586
-0.0960562 -0.0305422 -0.301929 -0.0968228 -0.030419 -0.292929
-0.287172 0.70899 0.342041 -0.294006 0.719918 1
-0.262346 0.00262095 -0.627855 -0.294006 0.719918 1
-0.180497 0.438818 0.837476 -0.181695 0.437513 0.838384
0.165655 0.15124 -0.0238778 0.164832 0.15356 -0.010101
0.302746 0.507531 -0.631335 0.305123 0.504972 -0.636364
0.354247 -0.263527 0.294135 0.354224 -0.263522 0.939394
-0.354638 0.401212 -0.465932 0.354224 -0.263522 0.939394
-0.468217 0.222381 6.62212 0.354224 -0.263522 0.939394
-0.0708567 -0.0922837 -0.48209 -0.0682019 -0.094057 -1
0.500591 0.287401 0.733788 0.50332 0.284835 0.79798
-0.255559 -0.216213 0.912667 -0.257946 -0.216247 0.858586
0.125945 -0.135686 0.94536 0.123555 -0.133738 0.939394
-0.497321 0.635605 0.143609 -0.497432 0.637273 0.0909091
-0.223013 -0.766 -0.106026 -0.497432 0.637273 0.0909091
-0.90431 -0.0436033 -0.718136 -0.903252 -0.0464177 -0.737374
0.735517 -0.159447 -0.731437 0.763093 -0.159 1
-0.528863 -0.299493 2.82158 0.763093 -0.159 1
0.215658 -0.625753 -0.500006 0.212979 -0.627275 -0.454545
-0.0453228 0.134006 0.42107 -0.0432285 0.136576 0.393939
-0.00133224 0.137441 0.821601 -0.003 0.14034 0.818182
0.312709 0.518295 -0.409014 0.315016 0.519622 -0.353535
0.364273 -0.0462911 4.0238 0.315016 0.519622 -0.353535
0.0203198 -0.216641 0.13304 0.0194839 -0.214346 0.151515
-0.0720393 0.0141455 -0.57534 -0.0699267 0.0170173 -0.575758
-0.338025 0.138619 0.843178 -0.335516 0.138008 0.838384
-0.105252 0.117713 0.663718 -0.335516 0.138008 0.838384
0.635397 0.149399 0.613627 0.625329 0.143038 -0.010101
-0.266702 -0.205689 0.928142 -0.26439 -0.202659 1
-0.293339 0.354228 4.61324 -0.26439 -0.202659 1
-0.747455 0.487307 2.22524 -0.26439 -0.202659 1
-0.290315 0.167005 -0.0991901 -0.26439 -0.202659 1
0.641361 -0.599083 -0.552066 -0.26439 -0.202659 1
-0.511195 -0.10465 -0.0940599 -0.509229 -0.107221 -0.0707071
-0.794193 -0.187534 0.86465 -0.795033 -0.189757 0.79798
0.28463 -0.146359 4.61289 -0.795033 -0.189757 0.79798
-0.0783196 -0.391629 -0.920448 -0.0772712 -0.388465 -1
-0.271574 -0.0188765 0.759833 -0.27123 -0.0208343 0.79798
0.303791 -0.0500846 2.83477 -0.27123 -0.0208343 0.79798
-0.157089 0.655056 -0.64692 -0.27123 -0.0208343 0.79798
-0.185516 -0.544981 0.876117 -0.27123 -0.0208343 0.79798
-0.020796 -0.314005 0.632336 -0.0235207 -0.316223 0.616162
-0.174256 -0.222932 4.01045 -0.0235207 -0.316223 0.616162
-0.14797 0.0373597 0.740277 -0.0235207 -0.316223 0.616162
-0.0299941 0.648945 0.174595 -0.0300232 0.651102 0.151515
0.170598 0.376779 -0.184377 0.16727 0.372973 -1
0.0389397 -0.193745 -0.55384 -0.217302 -0.19315 -0.575758
0.186562 -0.125088 -0.402021 0.184067 -0.124704 -0.393939
-0.151545 -0.131 0.356902 0.184067 -0.124704 -0.393939
0.647741 0.366489 0.543234 0.645 0.366498 0.59596
-0.690925 -0.479115 0.185908 -0.694219 -0.477965 0.272727
-0.469689 -0.148421 0.839219 -0.467883 -0.146932 0.777778
0.281891 0.693645 0.96098 0.279467 0.693389 0.959596
-0.15077 0.903171 -0.357408 -0.149166 0.903392 -0.373737
-0.308818 -0.228318 0.700478 -0.310712 -0.227513 0.69697
-0.0370865 -0.270158 0.291092 -0.0400243 -0.269045 0.272727
-0.046445 0.12105 -0.160451 -0.0446707 0.119709 -0.171717
-0.157344 -0.117258 0.086867 -0.158791 -0.118574 0.171717
-0.412673 -0.67827 0.959783 -0.158791 -0.118574 0.171717
-0.310586 0.0673433 4.62222 -0.158791 -0.118574 0.171717
-0.282766 -0.209533 -0.906972 -0.27994 -0.207341 -0.89899
-0.244835 0.565568 -0.12591 -0.244691 0.565577 -0.131313
0.306611 0.484723 6.01093 -0.244691 0.565577 -0.131313
-0.100386 0.185916 -0.249576 -0.100915 0.188676 -0.252525
-0.00450691 0.37756 4.63706 -0.100915 0.188676 -0.252525
0.217008 0.960827 -0.0675576 0.214297 0.366486 -1
-0.323301 0.0964456 0.71271 -0.321548 0.097928 0.717172
0.540978 -0.744347 -0.0218777 0.541847 -0.744048 0.111111
-0.194497 0.865422 2.20986 0.541847 -0.744048 0.111111
0.174578 0.610877 -0.553987 0.176209 0.60955 -0.515152
-0.0240917 -0.287555 0.985502 0.176209 0.60955 -0.515152
0.247237 -0.55471 0.204791 0.176209 0.60955 -0.515152
0.0792737 -0.668831 -0.983274 0.0754524 -0.673677 -0.616162
0.700911 0.093951 -0.271998 0.700384 0.0932877 -0.232323
-0.487643 0.177038 3.96278 0.700384 0.0932877 -0.232323
0.432052 -0.0139257 -0.123812 0.433693 -0.015 -0.151515
-0.425918 -0.0434361 6.01701 0.433693 -0.015 -0.151515
-0.0471517 -0.721362 -0.186098 -0.0463187 -0.719296 -0.171717
0.216315 0.330177 0.3775 0.218487 0.323315 -0.535354
-0.0678903 0.136388 -0.881489 -0.0683427 0.135938 -0.858586
-0.567868 -0.231599 -0.616124 -0.0363132 -0.233119 -0.474747
0.418605 -0.978306 -0.0367208 0.416255 -0.97585 -0.010101
-0.273232 0.116747 -0.735262 -0.27541 0.116309 -0.69697
0.29278 0.421981 0.570413 0.291303 0.418557 0.555556
0.441871 0.287856 0.584752 0.443592 0.28428 0.777778
-0.0507508 -0.156872 -0.0220892 -0.0520772 -0.154915 -0.030303
0.213269 0.427856 -0.49853 -0.0520772 -0.154915 -0.030303
0.346727 0.253191 -0.140359 0.34566 0.252937 -0.171717
-0.0878205 -0.170213 0.20608 0.34566 0.252937 -0.171717
-0.549113 0.378274 -0.209849 -0.5462 0.378498 -0.252525
0.0635327 0.427755 0.867073 -0.5462 0.378498 -0.252525
-0.703978 -0.323074 0.665503 -0.706103 -0.321362 0.676768
-0.0669542 0.171065 0.175249 -0.0693996 0.172808 0.171717
-0.35698 -0.21261 -0.381907 -0.358332 -0.214717 -0.414141
-0.165226 0.0168144 2.19433 -0.358332 -0.214717 -0.414141
-0.185772 -0.433167 4.0189 -0.358332 -0.214717 -0.414141
-0.674651 -0.0395296 0.988957 -0.678052 -0.0429101 0.939394
0.221838 0.728015 -0.45932 0.221252 0.726301 -0.414141
-0.57205 -0.0122766 0.814148 0.221252 0.726301 -0.414141
-0.000911496 0.319903 2.20941 0.221252 0.726301 -0.414141
-0.665876 0.325182 25.2026 0.221252 0.726301 -0.414141
0.236105 0.0548541 0.19056 0.235638 0.0525105 0.212121
-0.00760896 0.122216 -0.113962 -0.0084954 0.119802 -0.111111
0.146968 0.152095 0.9448 0.147892 0.151823 1
0.302274 0.116871 -0.594805 0.301017 0.118949 -0.575758
-0.306563 -0.229026 3.96114 0.301017 0.118949 -0.575758
-0.726087 -0.0870256 -0.621109 -0.72937 -0.0875399 0.232323
0.230668 -0.0123615 2.20251 -0.72937 -0.0875399 0.232323
-0.248342 -0.221105 4.61538 -0.72937 -0.0875399 0.232323
0.252179 0.0393155 3.96167 -0.72937 -0.0875399 0.232323
0.100274 0.45774 4.01896 -0.72937 -0.0875399 0.232323
0.439193 -0.394491 0.529913 0.440911 -0.397158 0.555556
0.286733 0.542475 -0.142392 0.440911 -0.397158 0.555556
-0.110836 -0.304964 0.366531 -0.112693 -0.305141 0.393939
0.209581 0.0826322 -0.291305 0.207 0.0781128 -1
0.456451 -0.0788112 0.652907 0.453964 -0.078717 0.656566
-0.268356 -0.419588 4.02838 0.453964 -0.078717 0.656566
0.325761 -0.100605 -0.72635 0.326663 -0.101845 -0.69697
-0.0656642 0.280259 0.424208 0.326663 -0.101845 -0.69697
0.346989 -0.468046 0.405803 0.33821 -0.468628 0.393939
-0.126007 0.417078 -0.0646208 -0.125454 0.418238 -0.0505051
-0.0169198 0.155393 0.396523 -0.125454 0.418238 -0.0505051
-0.172695 -0.0545398 -0.979302 -0.174807 -0.0516134 -1
-0.0998811 -0.0441177 0.982368 -0.0976483 -0.0421629 1
-0.491108 0.0928852 0.147595 -0.488351 0.0924328 0.131313
0.262282 0.367193 0.948994 0.260555 0.367625 0.939394
-0.0528147 -0.060933 6.01185 0.260555 0.367625 0.939394
0.406209 0.342662 -0.784333 0.403508 0.345242 -0.79798
0.252013 -0.00713762 0.211989 0.403508 0.345242 -0.79798
0.320838 -0.279316 6.57834 0.403508 0.345242 -0.79798
0.212986 0.294077 -0.239875 0.217459 0.298784 1
-0.274327 0.552827 0.146145 0.217459 0.298784 1
-0.0227819 0.502774 3.96052 0.217459 0.298784 1
0.021651 0.0530601 0.808298 0.022806 0.0503573 0.818182
0.338359 0.113524 0.697981 0.335889 0.113161 0.69697
0.543336 0.121736 -1.76263 0.543988 0.118497 -0.979798
0.326258 0.0582923 3.98212 0.543988 0.118497 -0.979798
-0.303443 0.00440471 0.0649781 -0.301155 0.003 0.010101
-0.0735236 0.886492 -0.616299 -0.301155 0.003 0.010101
-0.0980704 0.0102947 0.0594493 -0.0963882 0.0110878 0.0505051
-0.429407 0.295034 -0.763997 -0.0963882 0.0110878 0.0505051
-0.51971 -0.29921 -0.928087 -0.0963882 0.0110878 0.0505051
-0.0112752 0.0174876 0.148515 -0.0113841 0.016029 0.151515
-1.31837 0.196577 -0.0189583 -0.0113841 0.016029 0.151515
-0.0744422 -0.243757 -0.59348 -0.0713674 -0.245442 0.010101
0.365467 0.598022 -0.664874 0.36341 0.599954 -0.535354
0.523218 0.0921664 3.96151 0.36341 0.599954 -0.535354
-0.0786965 0.339041 -0.426862 -0.0772498 0.334699 -0.171717
-0.184244 -0.386451 0.235152 -0.182366 -0.388237 0.212121
-0.0334648 0.0118587 2.21323 -0.182366 -0.388237 0.212121
-0.250848 -0.365263 0.772889 -0.182366 -0.388237 0.212121
0.00291752 -0.112181 6.02457 -0.182366 -0.388237 0.212121
0.19527 -0.20753 0.686818 0.197999 -0.208657 1
-0.388473 0.591201 2.77941 -0.38293 0.578883 1
-0.12106 0.49309 5.98607 -0.38293 0.578883 1
-0.649189 0.476285 0.704985 -0.38293 0.578883 1
0.0315434 0.200547 -0.0685743 0.0301917 0.199763 -0.0505051
0.489601 -0.519967 0.720071 0.487922 -0.518339 0.858586
0.324168 -0.563614 6.58335 0.487922 -0.518339 0.858586
0.345015 0.0443023 -0.52857 0.346145 0.0411636 -0.656566
-0.0304029 -0.160534 -0.650029 -0.0279068 -0.157839 -0.717172
0.2604 -0.529778 0.747023 -0.0279068 -0.157839 -0.717172
0.226625 -0.437112 0.781221 -0.0279068 -0.157839 -0.717172
-0.041493 0.181083 2.22349 -0.0279068 -0.157839 -0.717172
-0.0310455 0.323549 0.349243 -0.0343155 0.323651 0.353535
0.0515927 -0.457528 -0.565353 0.0496976 -0.460416 -0.515152
-0.13062 -0.0502402 -0.85654 -0.130336 -0.0475762 -0.858586
0.185324 0.365683 0.109549 0.183788 0.37237 0.535354
0.326479 -0.0889026 3.97349 0.183788 0.37237 0.535354
-0.225239 -0.178848 2.20946 0.183788 0.37237 0.535354
-0.166227 -0.292661 0.415157 -0.169147 -0.291049 0.474747
-0.0248226 -0.177665 0.97929 -0.024342 -0.179055 0.979798
-0.026445 -0.216354 -0.536056 -0.0271565 -0.213553 -0.676768
0.387858 -0.696665 0.117984 0.388297 -0.694246 0.0909091
-0.597923 -0.369721 -0.715883 -0.599293 -0.364465 -0.676768
0.760493 0.0160517 -0.0618079 0.759707 0.012816 -0.0505051
0.0269106 -0.345305 0.296668 0.0271111 -0.346262 0.353535
0.706864 0.262831 0.28809 0.706513 0.26374 0.292929
-0.32856 0.210725 0.57281 -0.328544 0.211458 0.555556
-0.109188 0.898009 4.03727 -0.328544 0.211458 0.555556
0.262623 0.18238 5.96624 -0.328544 0.211458 0.555556
0.345946 -0.603984 0.725435 0.342944 -0.603083 0.737374
-0.712862 -0.265228 2.77758 -0.691843 -0.27053 1
0.0634775 0.521478 3.96324 -0.691843 -0.27053 1
0.0323675 0.0743362 0.359271 0.0309739 0.0727226 0.474747
-0.249729 -0.461379 -0.888436 -0.249027 -0.464483 -0.89899
0.0849655 0.330963 -0.227725 -0.249027 -0.464483 -0.89899
-0.21785 0.670865 -0.875347 -0.216311 0.669498 -0.858586
-0.06682 -0.069508 0.0238116 -0.216311 0.669498 -0.858586
-0.0710204 0.40421 -0.656076 -0.0683169 0.402431 -0.676768
0.391386 -0.211276 0.952754 0.390929 -0.209018 0.919192
-0.48509 -0.213031 0.429522 -0.487047 -0.214522 0.454545
0.485827 0.265297 0.845315 0.484697 0.270904 1
0.487033 -0.0824525 4.63041 0.489 -0.081 1
0.849689 -0.830417 0.92397 0.849988 -0.833307 0.939394
0.527798 -0.244727 0.801136 0.528211 -0.244036 0.818182
-0.520753 0.342259 23.963 0.528211 -0.244036 0.818182
-0.252799 0.390505 -0.525135 -0.254386 0.391545 -0.535354
0.372244 0.560718 2.79384 0.363993 0.546362 1
-0.190335 0.0965578 -0.147388 0.363993 0.546362 1
-0.0318592 0.596687 -0.247397 0.363993 0.546362 1
0.0873753 -0.169548 -0.430974 0.0913074 -0.169965 0.151515
0.263971 0.462273 0.671791 0.265996 0.459642 0.676768
0.25207 0.336819 -0.968543 0.250825 0.336669 -0.858586
0.0762862 0.429547 3.99956 0.250825 0.336669 -0.858586
0.603335 -0.0291631 0.858336 0.605545 -0.0310757 0.858586
-0.0228254 0.481432 -0.655289 -0.0258441 0.484526 -0.515152
0.211404 -0.106534 -0.380537 -0.0258441 0.484526 -0.515152
-0.0286991 0.777582 -0.0432455 -0.026687 0.777671 -0.0505051
-0.124 0.177907 -0.541402 -0.125595 0.179292 -0.515152
-0.345598 0.187759 4.56026 -0.125595 0.179292 -0.515152
