event
21
1 1 1 1 3 3 2 2 2 2 2 2 2 
0.517863 -0.250929 -0.0233903
0.517524 -0.24933 0
particle 1 2212 28981.5 0 
particle 30 211 162.236 2 4 -0.192279 -1.70704 2.19979 5 -0.387421 -2.09805 2.79806 
particle 29 211 2698.7 9 4 0.509657 -0.414519 2.19292 5 0.506824 -0.458627 2.8 6 0.492546 -0.644892 5.40507 7 0.489168 -0.687914 6 8 0.486281 -0.731313 6.6 9 0.401287 -1.99362 24.0036 10 0.398237 -2.0366 24.5948 11 0.340185 -2.91587 36.5958 12 0.337278 -2.96013 37.2 
particle 21 2212 416.536 9 4 0.644035 -0.131787 2.19577 5 0.682365 -0.101867 2.79628 6 0.848361 0.0261805 5.40314 7 0.886397 0.0558531 6 8 0.925342 0.0854759 6.60164 9 2.0305 1.07663 24 10 2.06715 1.11136 24.5961 11 2.82549 1.80108 36.6 12 2.86379 1.83633 37.2 
clusters 4 3 -1.04533e-16 -1.70715 2.2 -1 6.12323e-17 0 -2.55239e-17 -0.416837 2.2 -1 6.12323e-17 0 -7.97092e-18 -0.130175 2.2 -1 6.12323e-17 0 
clusters 5 3 -0.387247 0 2.8 0 1 0 0.507 0 2.8 0 1 0 0.681 0 2.8 0 1 0 
clusters 6 2 -0.0685585 -0.0685585 5.4 -0.707107 0.707107 0 0.437097 0.437097 5.4 -0.707107 0.707107 0 
clusters 7 2 -4.20666e-17 -0.687 6 -1 6.12323e-17 0 3.49024e-18 0.057 6 -1 6.12323e-17 0 
clusters 8 2 0.489 0 6.6 0 1 0 0.927 0 6.6 0 1 0 
clusters 9 2 -1.22044e-16 -1.99312 24 -1 6.12323e-17 0 6.59472e-17 1.077 24 -1 6.12323e-17 0 
clusters 10 2 0.399 0 24.6 0 1 0 2.067 0 24.6 0 1 0 
clusters 11 2 -1.78545e-16 -2.91586 36.6 -1 6.12323e-17 0 1.10402e-16 1.803 36.6 -1 6.12323e-17 0 
clusters 12 2 0.339 0 37.2 0 1 0 2.865 0 37.2 0 1 0 
track_options 8
1 1 1 423 0.00333874 0.85255 0.0263662 5.4 0.712956 -0.0885069 3.15 0.0618426 0.0508907 0.996788
0 0 0 302 0.00843537 0.494186 -0.643233 5.4 0.503911 -0.479105 3.15 -0.00431033 -0.0727516 0.997341
0 1 0 344 0.245227 0.85255 -0.642863 5.4 0.712955 -0.47889 3.15 0.0617596 -0.0725454 0.995451
1 0 1 381 0.250076 0.494132 0.026402 5.4 0.503749 -0.0883438 3.15 -0.0042689 0.0509315 0.998693
1 0 0 381 0.465029 0.494132 0.026402 5.4 0.503749 -0.0883438 3.15 -0.0042689 0.0509315 0.998693
0 1 1 344 0.469878 0.85255 -0.642863 5.4 0.712955 -0.47889 3.15 0.0617596 -0.0725454 0.995451
1 1 0 423 0.718444 0.85255 0.0263662 5.4 0.712956 -0.0885069 3.15 0.0618426 0.0508907 0.996788
0 0 1 302 0.723541 0.494186 -0.643233 5.4 0.503911 -0.479105 3.15 -0.00431033 -0.0727516 0.997341
endevent
event
21
1 1 1 1 4 4 4 5 5 5 4 2 2 
-0.0831631 0.308276 0.548312
-0.0804897 0.309564 0
particle 1 2212 29257 0 
particle 43 2212 132.111 1 8 0.999323 -0.580695 6.5981 
particle 40 -211 681.336 7 4 -0.241459 0.161676 2.19716 5 -0.336515 0.0928969 2.79674 6 -0.746483 -0.203577 5.40109 7 -0.841996 -0.273555 6.0012 8 -0.936072 -0.343226 6.59955 9 -3.6434 -2.418 24 10 -3.7373 -2.48909 24.6045 
particle 28 211 1089.17 9 4 -0.128443 0.429459 2.2 5 -0.145184 0.475715 2.80563 6 -0.214013 0.671671 5.39801 7 -0.230954 0.716192 6 8 -0.249377 0.759462 6.6 9 -0.809736 2.0204 24 10 -0.829155 2.06339 24.6 11 -1.21555 2.92185 36.6021 12 -1.23422 2.96472 37.2 
particle 26 211 401.985 3 4 0.561018 -0.49844 2.19824 5 0.795175 -0.793797 2.7991 6 1.81838 -2.0669 5.39698 
particle 357 -11 249.905 1 8 0.206292 1.50362 6.61215 
particle 356 11 230.762 1 8 0.206284 1.50369 6.61215 
particle 401 2212 2796.24 2 9 -2.70597 3.82904 23.9934 10 -2.7676 3.92523 24.6 
particle 400 -211 630.406 1 9 -4.22585 2.51151 23.9965 
particle 23 2212 12640.1 9 4 -0.0726415 0.267405 2.20224 5 -0.0688674 0.252717 2.79989 6 -0.0524617 0.188307 5.40436 7 -0.0486696 0.17383 5.99307 8 -0.0449065 0.158861 6.60071 9 0.0614574 -0.269961 24.0016 10 0.0650156 -0.284754 24.6 11 0.138983 -0.580158 36.6 12 0.142748 -0.594842 37.2 
clusters 4 4 -3.06111e-17 -0.499917 2.2 -1 6.12323e-17 0 9.88336e-18 0.161408 2.2 -1 6.12323e-17 0 1.6349e-17 0.267 2.2 -1 6.12323e-17 0 2.62687e-17 0.429 2.2 -1 6.12323e-17 0 
clusters 5 4 -0.337594 0 2.8 0 1 0 -0.147 0 2.8 0 1 0 -0.069 0 2.8 0 1 0 0.795079 0 2.8 0 1 0 
clusters 6 4 -0.474752 -0.474752 5.4 -0.707107 0.707107 0 -0.125158 -0.125158 5.4 -0.707107 0.707107 0 0.0693406 0.0693406 5.4 -0.707107 0.707107 0 0.229807 0.229807 5.4 -0.707107 0.707107 0 
clusters 7 5 -1.67164e-17 -0.273 6 -1 6.12323e-17 0 8.63376e-18 0.141 6 -1 6.12323e-17 0 9.41951e-18 0.153832 6 -1 6.12323e-17 0 1.04825e-17 0.171192 6 -1 6.12323e-17 0 4.39036e-17 0.717 6 -1 6.12323e-17 0 
clusters 8 5 -0.935963 0 6.6 0 1 0 -0.249 0 6.6 0 1 0 -0.045 0 6.6 0 1 0 0.207 0 6.6 0 1 0 1.00178 0 6.6 0 1 0 
clusters 9 5 -1.48066e-16 -2.4181 24 -1 6.12323e-17 0 -1.64656e-17 -0.268904 24 -1 6.12323e-17 0 1.23628e-16 2.019 24 -1 6.12323e-17 0 1.53754e-16 2.511 24 -1 6.12323e-17 0 2.3456e-16 3.83065 24 -1 6.12323e-17 0 
clusters 10 4 -3.73574 0 24.6 0 1 0 -2.769 0 24.6 0 1 0 -0.831 0 24.6 0 1 0 0.063 0 24.6 0 1 0 
clusters 11 2 -3.54535e-17 -0.579 36.6 -1 6.12323e-17 0 1.78871e-16 2.92118 36.6 -1 6.12323e-17 0 
clusters 12 2 -1.233 0 37.2 0 1 0 0.141 0 37.2 0 1 0 
track_options 100
4 1 3 373 0.00121569 -0.218362 0.676256 5.4 -0.160915 0.523468 3.15 -0.0254649 0.0677278 0.997379
3 2 2 335 0.00376512 -0.0515395 0.184896 5.4 -0.0637728 0.236853 3.15 0.00543549 -0.0230854 0.999719
0 2 1 288 0.0112523 -0.05149 -0.214739 5.4 -0.0636651 0.00375574 3.15 0.00538574 -0.0966527 0.995304
2 2 2 333 0.014777 -0.0514298 0.169213 5.4 -0.0634983 0.227685 3.15 0.00536187 -0.0259781 0.999648
1 2 2 332 0.0214115 -0.0494106 0.157811 5.4 -0.0576779 0.220861 3.15 0.00367289 -0.0280109 0.999601
0 0 0 202 0.0322878 -0.780423 -0.214744 5.4 -0.488784 0.00371794 3.15 -0.12795 -0.0958453 0.987139
3 3 3 360 0.0847501 0.15473 0.185029 5.4 0.0567221 0.236919 3.15 0.0435062 -0.0230343 0.998788
0 4 3 389 0.0923813 0.805004 -0.214744 5.4 0.436048 0.00371758 3.15 0.161082 -0.0953775 0.982322
2 3 3 358 0.0958924 0.154627 0.169374 5.4 0.0566124 0.227818 3.15 0.0435062 -0.0259419 0.998716
4 0 1 307 0.103343 -0.780425 0.676258 5.4 -0.488791 0.523472 3.15 -0.12825 0.0671895 0.989463
1 3 3 356 0.103974 0.154715 0.157857 5.4 0.0567104 0.221068 3.15 0.0434994 -0.0280561 0.998659
4 2 3 393 0.117001 -0.0508276 0.675906 5.4 -0.0616399 0.524532 3.15 0.00479458 0.0671246 0.997733
3 1 2 316 0.121632 -0.218362 0.185029 5.4 -0.160915 0.236919 3.15 -0.0255168 -0.0230484 0.999409
1 3 2 356 0.122959 0.154715 0.157857 5.4 0.0567104 0.221068 3.15 0.0434994 -0.0280561 0.998659
0 1 1 268 0.129251 -0.218361 -0.214744 5.4 -0.160914 0.00371757 3.15 -0.0254041 -0.0966084 0.994998
2 3 2 358 0.131041 0.154627 0.169374 5.4 0.0566124 0.227818 3.15 0.0435062 -0.0259419 0.998716
2 1 2 314 0.13269 -0.218355 0.169384 5.4 -0.160898 0.227828 3.15 -0.0255192 -0.0259577 0.999337
1 1 1 312 0.134005 -0.219577 0.158772 5.4 -0.162021 0.220802 3.15 -0.025562 -0.0275492 0.999294
0 3 1 312 0.134563 0.15473 -0.214745 5.4 0.0567221 0.00371743 3.15 0.0433143 -0.0965491 0.994385
0 3 2 312 0.140499 0.15473 -0.214745 5.4 0.0567221 0.00371743 3.15 0.0433143 -0.0965491 0.994385
1 1 2 312 0.141058 -0.219577 0.158772 5.4 -0.162021 0.220802 3.15 -0.025562 -0.0275492 0.999294
3 3 2 360 0.142183 0.15473 0.185029 5.4 0.0567221 0.236919 3.15 0.0435062 -0.0230343 0.998788
2 1 1 314 0.142373 -0.218355 0.169384 5.4 -0.160898 0.227828 3.15 -0.0255192 -0.0259577 0.999337
3 1 1 316 0.153431 -0.218362 0.185029 5.4 -0.160915 0.236919 3.15 -0.0255168 -0.0230484 0.999409
4 0 2 307 0.17172 -0.780425 0.676258 5.4 -0.488791 0.523472 3.15 -0.12825 0.0671895 0.989463
4 1 2 373 0.225718 -0.218362 0.676256 5.4 -0.160915 0.523468 3.15 -0.0254649 0.0677278 0.997379
3 2 3 335 0.230698 -0.0515395 0.184896 5.4 -0.0637728 0.236853 3.15 0.00543549 -0.0230854 0.999719
1 0 0 246 0.231178 -0.780425 0.157855 5.4 -0.488789 0.221066 3.15 -0.128491 -0.0278501 0.99132
3 0 0 247 0.234143 -0.796443 0.178067 5.4 -0.484761 0.204032 3.15 -0.137206 -0.0114302 0.990477
2 0 0 247 0.238871 -0.781085 0.169395 5.4 -0.489155 0.227772 3.15 -0.128625 -0.0257208 0.99136
2 2 3 333 0.24171 -0.0514298 0.169213 5.4 -0.0634983 0.227685 3.15 0.00536187 -0.0259781 0.999648
1 2 3 332 0.248345 -0.0494106 0.157811 5.4 -0.0576779 0.220861 3.15 0.00367289 -0.0280109 0.999601
1 2 1 332 0.253651 -0.0494106 0.157811 5.4 -0.0576779 0.220861 3.15 0.00367289 -0.0280109 0.999601
2 0 1 247 0.25553 -0.781085 0.169395 5.4 -0.489155 0.227772 3.15 -0.128625 -0.0257208 0.99136
3 0 1 247 0.260258 -0.796443 0.178067 5.4 -0.484761 0.204032 3.15 -0.137206 -0.0114302 0.990477
2 2 1 333 0.260285 -0.0514298 0.169213 5.4 -0.0634983 0.227685 3.15 0.00536187 -0.0259781 0.999648
4 3 3 417 0.262518 0.154615 0.676255 5.4 0.0568018 0.523578 3.15 0.0433322 0.0676369 0.996769
1 0 1 246 0.263223 -0.780425 0.157855 5.4 -0.488789 0.221066 3.15 -0.128491 -0.0278501 0.99132
3 2 1 335 0.271297 -0.0515395 0.184896 5.4 -0.0637728 0.236853 3.15 0.00543549 -0.0230854 0.999719
0 2 2 288 0.286315 -0.05149 -0.214739 5.4 -0.0636651 0.00375574 3.15 0.00538574 -0.0966527 0.995304
0 4 2 389 0.319315 0.805004 -0.214744 5.4 0.436048 0.00371758 3.15 0.161082 -0.0953775 0.982322
4 2 2 393 0.343935 -0.0508276 0.675906 5.4 -0.0616399 0.524532 3.15 0.00479458 0.0671246 0.997733
3 1 3 316 0.348565 -0.218362 0.185029 5.4 -0.160915 0.236919 3.15 -0.0255168 -0.0230484 0.999409
1 4 3 433 0.353227 0.805847 0.153304 5.4 0.438623 0.216912 3.15 0.161017 -0.02789 0.986558
2 1 3 314 0.359623 -0.218355 0.169384 5.4 -0.160898 0.227828 3.15 -0.0255192 -0.0259577 0.999337
2 4 3 434 0.362967 0.803435 0.169491 5.4 0.435037 0.227876 3.15 0.161528 -0.0255995 0.986536
0 1 0 268 0.36515 -0.218361 -0.214744 5.4 -0.160914 0.00371757 3.15 -0.0254041 -0.0966084 0.994998
0 3 3 312 0.367433 0.15473 -0.214745 5.4 0.0567221 0.00371743 3.15 0.0433143 -0.0965491 0.994385
1 1 3 312 0.367991 -0.219577 0.158772 5.4 -0.162021 0.220802 3.15 -0.025562 -0.0275492 0.999294
3 4 3 436 0.375063 0.805004 0.185029 5.4 0.436049 0.236919 3.15 0.161777 -0.0227523 0.986565
1 3 1 356 0.398022 0.154715 0.157857 5.4 0.0567104 0.221068 3.15 0.0434994 -0.0280561 0.998659
4 0 3 307 0.398653 -0.780425 0.676258 5.4 -0.488791 0.523472 3.15 -0.12825 0.0671895 0.989463
0 1 2 268 0.404314 -0.218361 -0.214744 5.4 -0.160914 0.00371757 3.15 -0.0254041 -0.0966084 0.994998
2 3 1 358 0.406103 0.154627 0.169374 5.4 0.0566124 0.227818 3.15 0.0435062 -0.0259419 0.998716
3 3 1 360 0.417246 0.15473 0.185029 5.4 0.0567221 0.236919 3.15 0.0435062 -0.0230343 0.998788
0 2 0 288 0.483149 -0.05149 -0.214739 5.4 -0.0636651 0.00375574 3.15 0.00538574 -0.0966527 0.995304
4 3 2 417 0.489452 0.154615 0.676255 5.4 0.0568018 0.523578 3.15 0.0433322 0.0676369 0.996769
4 1 1 373 0.50078 -0.218362 0.676256 5.4 -0.160915 0.523468 3.15 -0.0254649 0.0677278 0.997379
0 2 3 288 0.513248 -0.05149 -0.214739 5.4 -0.0636651 0.00375574 3.15 0.00538574 -0.0966527 0.995304
0 0 1 202 0.526689 -0.780423 -0.214744 5.4 -0.488784 0.00371794 3.15 -0.12795 -0.0958453 0.987139
2 0 2 247 0.530592 -0.781085 0.169395 5.4 -0.489155 0.227772 3.15 -0.128625 -0.0257208 0.99136
3 0 2 247 0.53532 -0.796443 0.178067 5.4 -0.484761 0.204032 3.15 -0.137206 -0.0114302 0.990477
1 0 2 246 0.538286 -0.780425 0.157855 5.4 -0.488789 0.221066 3.15 -0.128491 -0.0278501 0.99132
1 4 2 433 0.58016 0.805847 0.153304 5.4 0.438623 0.216912 3.15 0.161017 -0.02789 0.986558
2 4 2 434 0.5899 0.803435 0.169491 5.4 0.435037 0.227876 3.15 0.161528 -0.0255995 0.986536
0 4 1 389 0.594377 0.805004 -0.214744 5.4 0.436048 0.00371758 3.15 0.161082 -0.0953775 0.982322
4 0 0 307 0.597744 -0.780425 0.676258 5.4 -0.488791 0.523472 3.15 -0.12825 0.0671895 0.989463
3 4 2 436 0.601997 0.805004 0.185029 5.4 0.436049 0.236919 3.15 0.161777 -0.0227523 0.986565
4 2 1 393 0.618997 -0.0508276 0.675906 5.4 -0.0616399 0.524532 3.15 0.00479458 0.0671246 0.997733
1 1 0 312 0.628406 -0.219577 0.158772 5.4 -0.162021 0.220802 3.15 -0.025562 -0.0275492 0.999294
0 3 0 312 0.628964 0.15473 -0.214745 5.4 0.0567221 0.00371743 3.15 0.0433143 -0.0965491 0.994385
0 1 3 268 0.631247 -0.218361 -0.214744 5.4 -0.160914 0.00371757 3.15 -0.0254041 -0.0966084 0.994998
2 1 0 314 0.636774 -0.218355 0.169384 5.4 -0.160898 0.227828 3.15 -0.0255192 -0.0259577 0.999337
3 1 0 316 0.647832 -0.218362 0.185029 5.4 -0.160915 0.236919 3.15 -0.0255168 -0.0230484 0.999409
4 4 3 494 0.722413 0.805003 0.676257 5.4 0.436048 0.523469 3.15 0.161457 0.0668606 0.984612
1 2 0 332 0.748052 -0.0494106 0.157811 5.4 -0.0576779 0.220861 3.15 0.00367289 -0.0280109 0.999601
2 2 0 333 0.754687 -0.0514298 0.169213 5.4 -0.0634983 0.227685 3.15 0.00536187 -0.0259781 0.999648
2 0 3 247 0.757525 -0.781085 0.169395 5.4 -0.489155 0.227772 3.15 -0.128625 -0.0257208 0.99136
3 0 3 247 0.762253 -0.796443 0.178067 5.4 -0.484761 0.204032 3.15 -0.137206 -0.0114302 0.990477
4 3 1 417 0.764514 0.154615 0.676255 5.4 0.0568018 0.523578 3.15 0.0433322 0.0676369 0.996769
1 0 3 246 0.765219 -0.780425 0.157855 5.4 -0.488789 0.221066 3.15 -0.128491 -0.0278501 0.99132
3 2 0 335 0.765698 -0.0515395 0.184896 5.4 -0.0637728 0.236853 3.15 0.00543549 -0.0230854 0.999719
0 0 2 202 0.801751 -0.780423 -0.214744 5.4 -0.488784 0.00371794 3.15 -0.12795 -0.0958453 0.987139
1 4 1 433 0.855222 0.805847 0.153304 5.4 0.438623 0.216912 3.15 0.161017 -0.02789 0.986558
2 4 1 434 0.864962 0.803435 0.169491 5.4 0.435037 0.227876 3.15 0.161528 -0.0255995 0.986536
3 4 1 436 0.877059 0.805004 0.185029 5.4 0.436049 0.236919 3.15 0.161777 -0.0227523 0.986565
1 3 0 356 0.892423 0.154715 0.157857 5.4 0.0567104 0.221068 3.15 0.0434994 -0.0280561 0.998659
2 3 0 358 0.900504 0.154627 0.169374 5.4 0.0566124 0.227818 3.15 0.0435062 -0.0259419 0.998716
3 3 0 360 0.911647 0.15473 0.185029 5.4 0.0567221 0.236919 3.15 0.0435062 -0.0230343 0.998788
4 4 2 494 0.949347 0.805003 0.676257 5.4 0.436048 0.523469 3.15 0.161457 0.0668606 0.984612
4 1 0 373 0.995181 -0.218362 0.676256 5.4 -0.160915 0.523468 3.15 -0.0254649 0.0677278 0.997379
0 0 3 202 1.02868 -0.780423 -0.214744 5.4 -0.488784 0.00371794 3.15 -0.12795 -0.0958453 0.987139
0 4 0 389 1.08878 0.805004 -0.214744 5.4 0.436048 0.00371758 3.15 0.161082 -0.0953775 0.982322
4 2 0 393 1.1134 -0.0508276 0.675906 5.4 -0.0616399 0.524532 3.15 0.00479458 0.0671246 0.997733
4 4 1 494 1.22441 0.805003 0.676257 5.4 0.436048 0.523469 3.15 0.161457 0.0668606 0.984612
4 3 0 417 1.25892 0.154615 0.676255 5.4 0.0568018 0.523578 3.15 0.0433322 0.0676369 0.996769
1 4 0 433 1.34962 0.805847 0.153304 5.4 0.438623 0.216912 3.15 0.161017 -0.02789 0.986558
2 4 0 434 1.35936 0.803435 0.169491 5.4 0.435037 0.227876 3.15 0.161528 -0.0255995 0.986536
3 4 0 436 1.37146 0.805004 0.185029 5.4 0.436049 0.236919 3.15 0.161777 -0.0227523 0.986565
4 4 0 494 1.71881 0.805003 0.676257 5.4 0.436048 0.523469 3.15 0.161457 0.0668606 0.984612
endevent
